90001
90001
90001
90001
90001
90002
90002
90002
90002
90002
90002
90002
90002
90002
90002
90002
90003
90003
90003
90003
90003
90003
90003
90003
90003
90003
90003
90003
90003
90004
90004
90004
90004
90004
90004
90004
90004
90004
90005
90005
90005
90005
90005
90005
90005
90005
90005
90005
90005
90006
90006
90006
90006
90006
90006
90006
90006
90006
90006
90006
90006
90007
90007
90007
90007
90007
90007
90007
90007
90007
90007
90007
90008
90008
90008
90008
90008
90008
90009
90009
90009
90009
90009
90009
90009
90009
90009
90010
90010
90010
90010
90010
90011
90011
90011
90011
90011
90011
90011
90011
90012
90012
90012
90012
90012
90012
90012
90012
90012
90012
90012
90012
90013
90013
90013
90013
90013
90013
90013
90013
90013
90014
90014
90014
90014
90014
90014
90014
90014
90014
90014
90015
90015
90015
90015
90015
90015
90015
90015
90015
90016
90016
90016
90016
90017
90017
90017
90017
90017
90017
90017
90017
90017
90017
90017
90017
90017
90017
90018
90018
90018
90018
90018
90018
90018
90018
90018
90018
90018
90019
90019
90019
90019
90019
90019
90019
90020
90020
90020
90020
90020
90020
90020
90020
90020
90020
90020
90020
90020
90021
90021
90021
90021
90021
90021
90022
90022
90022
90022
90022
90023
90023
90023
90023
90023
90023
90023
90023
90024
90024
90024
90024
90024
90024
90024
90024
90024
90025
90025
90025
90025
90025
90025
90025
90025
90026
90026
90026
90026
90026
90026
90026
90026
90027
90027
90027
90027
90027
90027
90027
90027
90027
90027
90027
90028
90028
90028
90028
90028
90028
90029
90029
90029
90029
90029
90029
90029
90029
90029
90030
90030
90030
90030
90030
90030
90030
90030
90031
90031
90031
90031
90031
90031
90031
90031
90031
90031
90032
90032
90032
90032
90033
90033
90033
90033
90033
90033
90034
90034
90034
90034
90035
90035
90035
90035
90035
90035
90035
90035
90035
90035
90035
90035
90036
90036
90036
90036
90037
90037
90037
90037
90037
90037
90038
90038
90038
90038
90038
90038
90038
90038
90039
90039
90039
90039
90039
90039
90040
90040
90040
90040
90040
90040
90040
90040
90040
90040
90040
90040
90041
90041
90041
90041
90041
90041
90041
90041
90041
90041
90041
90041
90041
90042
90042
90042
90042
90042
90042
90042
90042
90042
90042
90043
90043
90043
90043
90044
90044
90044
90044
90044
90045
90045
90045
90045
90045
90045
90045
90045
90045
90046
90046
90046
90046
90046
90046
90046
90047
90047
90047
90047
90047
90047
90047
90047
90048
90048
90048
90048
90048
90049
90049
90049
90049
90049
90049
90049
90049
90050
90050
90050
90050
90050
90050
90050
90050
90050
90050
90051
90051
90051
90051
90051
90051
90051
90051
90051
90051
90051
90052
90052
90052
90052
90052
90052
90052
90052
90053
90053
90053
90053
90053
90054
90054
90054
90054
90054
90054
90054
90054
90054
90054
90054
90054
90054
90055
90055
90055
90055
90055
90055
90055
90055
90055
90055
90056
90056
90056
90056
90056
90056
90057
90057
90057
90057
90057
90057
90057
90057
90057
90057
90057
90057
90057
90057
90057
90058
90058
90058
90058
90058
90058
90058
90058
90058
90058
90059
90059
90059
90059
90059
90059
90059
90059
90059
90059
90059
90060
90060
90060
90060
90060
90060
90060
90060
90060
90060
90060
90061
90061
90061
90061
90061
90061
90061
90061
90062
90062
90062
90062
90062
90063
90063
90063
90063
90064
90064
90064
90064
90064
90064
90064
90064
90065
90065
90065
90065
90065
90065
90065
90065
90065
90065
90065
90066
90066
90066
90066
90066
90066
90066
90066
90066
90067
90067
90067
90067
90067
90067
90067
90067
90067
90067
90067
90067
90067
90068
90068
90068
90068
90068
90068
90068
90068
90068
90069
90069
90069
90069
90069
90069
90069
90069
90069
90069
90069
90069
90069
90069
90069
90069
90069
90070
90070
90070
90070
90070
90070
90070
90071
90071
90071
90071
90071
90071
90071
90071
90071
90071
90071
90071
90071
90071
90071
90072
90072
90072
90072
90072
90073
90073
90073
90073
90073
90073
90074
90074
90074
90074
90075
90075
90075
90075
90075
90075
90075
90075
90075
90075
90076
90076
90077
90077
90077
90077
90077
90077
90077
90077
90078
90078
90078
90078
90078
90078
90078
90078
90078
90078
90078
90078
90078
90078
90079
90079
90079
90079
90079
90079
90080
90080
90080
90080
90080
90080
90080
90080
90080
90080
90080
90081
90081
90081
90081
90081
90081
90082
90082
90082
90082
90082
90082
90082
90082
90082
90082
90083
90083
90083
90083
90084
90084
90084
90084
90084
90084
90084
90084
90084
90084
90084
90084
90086
90086
90086
90086
90086
90086
90086
90086
90086
90087
90087
90087
90087
90087
90087
90088
90088
90088
90088
90088
90088
90088
90089
90089
90089
90089
90089
90089
90089
90089
90089
90089
90089
90089
90089
90089
90091
90091
90091
90091
90091
90091
90091
90091
90091
90091
90091
90091
90093
90093
90093
90093
90093
90093
90093
90093
90094
90094
90094
90094
90094
90094
90094
90095
90095
90095
90095
90095
90095
90096
90096
90096
90096
90096
90096
90096
90096
90096
90096
90096
90099
90099
90099
90101
90101
90101
90101
90101
90101
90102
90102
90102
90102
90102
90102
90102
90103
90103
90103
90103
90103
90103
90103
90189
90189
90189
90189
90189
90189
90189
90189
90189
90201
90201
90201
90201
90201
90201
90201
90201
90201
90202
90202
90202
90202
90202
90202
90209
90209
90209
90209
90209
90209
90209
90210
90210
90210
90210
90210
90210
90210
90210
90210
90210
90210
90210
90210
90211
90211
90211
90211
90211
90211
90211
90211
90211
90211
90211
90212
90212
90212
90212
90212
90212
90212
90212
90212
90212
90212
90213
90213
90213
90213
90213
90220
90220
90220
90220
90220
90220
90220
90220
90221
90221
90221
90221
90221
90221
90221
90221
90221
90222
90222
90222
90222
90222
90222
90222
90222
90222
90222
90222
90222
90223
90223
90223
90223
90223
90223
90223
90223
90223
90223
90223
90223
90223
90224
90224
90224
90224
90230
90230
90230
90230
90230
90230
90230
90231
90231
90231
90231
90231
90231
90231
90231
90231
90231
90231
90232
90232
90232
90232
90232
90232
90232
90233
90233
90233
90233
90233
90233
90233
90239
90239
90239
90239
90239
90239
90239
90240
90240
90240
90240
90240
90240
90240
90240
90240
90240
90241
90241
90242
90242
90242
90242
90242
90242
90242
90242
90245
90245
90245
90245
90245
90245
90245
90245
90245
90245
90245
90245
90245
90245
90247
90247
90247
90247
90247
90247
90247
90247
90247
90247
90248
90248
90248
90248
90248
90248
90248
90248
90249
90249
90249
90249
90250
90250
90250
90250
90250
90250
90251
90251
90251
90251
90251
90251
90251
90251
90251
90251
90251
90251
90251
90251
90251
90251
90251
90254
90254
90254
90254
90254
90255
90255
90255
90255
90255
90255
90255
90255
90255
90260
90260
90260
90260
90260
90261
90261
90261
90261
90261
90261
90261
90262
90262
90262
90262
90262
90263
90263
90263
90263
90263
90263
90264
90264
90264
90264
90264
90264
90264
90265
90265
90265
90265
90265
90265
90265
90265
90265
90265
90266
90266
90266
90266
90266
90266
90266
90266
90266
90266
90266
90266
90266
90266
90266
90266
90266
90266
90267
90267
90267
90267
90267
90267
90267
90267
90267
90267
90267
90270
90270
90270
90270
90270
90270
90270
90270
90270
90272
90272
90272
90272
90272
90272
90272
90272
90272
90272
90272
90274
90274
90274
90274
90274
90274
90274
90274
90274
90275
90275
90275
90275
90275
90275
90275
90275
90275
90277
90277
90277
90277
90277
90277
90277
90277
90278
90278
90278
90278
90278
90278
90278
90278
90280
90280
90280
90280
90280
90280
90280
90280
90280
90280
90290
90290
90290
90290
90290
90290
90290
90290
90290
90291
90291
90291
90291
90291
90291
90291
90292
90292
90292
90292
90292
90292
90292
90292
90292
90293
90293
90293
90293
90293
90293
90294
90294
90294
90294
90294
90294
90295
90295
90295
90295
90295
90295
90295
90296
90296
90296
90296
90296
90301
90301
90301
90301
90301
90301
90302
90302
90302
90302
90302
90302
90302
90302
90302
90302
90303
90303
90303
90304
90304
90304
90304
90304
90304
90304
90304
90304
90304
90305
90305
90305
90305
90306
90306
90306
90306
90306
90306
90306
90306
90306
90306
90307
90307
90307
90307
90307
90307
90308
90308
90308
90308
90308
90308
90309
90309
90309
90309
90309
90309
90309
90309
90309
90309
90310
90310
90310
90310
90310
90310
90310
90310
90310
90310
90310
90311
90311
90311
90311
90311
90311
90311
90311
90311
90311
90311
90311
90311
90311
90311
90312
90312
90312
90312
90312
90312
90312
90312
90313
90313
90313
90313
90313
90313
90397
90397
90397
90397
90397
90397
90397
90397
90398
90398
90398
90398
90398
90398
90398
90398
90398
90398
90401
90401
90401
90401
90401
90401
90401
90401
90401
90402
90402
90402
90402
90402
90402
90403
90403
90403
90403
90403
90403
90403
90403
90403
90403
90403
90403
90403
90403
90404
90404
90404
90404
90404
90404
90404
90404
90404
90404
90404
90404
90405
90405
90405
90405
90405
90405
90405
90405
90405
90405
90405
90405
90405
90405
90406
90406
90406
90406
90406
90406
90407
90407
90407
90407
90407
90407
90407
90407
90407
90407
90407
90407
90408
90408
90408
90408
90408
90408
90408
90408
90409
90409
90409
90409
90409
90410
90410
90410
90410
90410
90411
90411
90411
90411
90411
90501
90501
90501
90501
90501
90501
90501
90501
90501
90501
90501
90501
90501
90502
90502
90502
90502
90502
90502
90502
90503
90503
90503
90503
90503
90503
90503
90504
90504
90504
90504
90504
90504
90505
90505
90505
90505
90506
90506
90506
90506
90506
90506
90506
90507
90507
90507
90507
90507
90507
90508
90508
90508
90508
90508
90508
90508
90509
90509
90509
90509
90509
90509
90509
90509
90509
90510
90510
90510
90510
90510
90510
90510
90510
90510
90510
90510
90510
90510
90510
90510
90601
90601
90601
90601
90601
90601
90602
90602
90602
90602
90602
90602
90603
90603
90603
90603
90603
90603
90603
90603
90603
90603
90603
90604
90604
90605
90605
90605
90605
90605
90605
90605
90605
90605
90605
90605
90606
90606
90606
90606
90607
90607
90607
90607
90607
90607
90607
90607
90608
90608
90608
90609
90609
90609
90609
90609
90609
90609
90609
90609
90609
90610
90610
90610
90610
90610
90610
90610
90612
90612
90612
90612
90612
90612
90612
90612
90612
90612
90612
90620
90620
90620
90620
90620
90620
90620
90620
90621
90621
90621
90621
90621
90621
90621
90621
90621
90621
90622
90622
90622
90622
90622
90622
90622
90623
90623
90623
90623
90623
90623
90623
90623
90623
90623
90623
90623
90623
90623
90623
90623
90624
90624
90624
90624
90624
90624
90624
90624
90630
90630
90630
90630
90630
90630
90630
90630
90630
90630
90631
90631
90631
90631
90631
90631
90632
90632
90632
90632
90632
90632
90632
90632
90632
90632
90632
90633
90633
90633
90633
90633
90633
90633
90637
90637
90637
90637
90637
90637
90637
90637
90637
90637
90637
90637
90637
90637
90637
90638
90638
90638
90638
90638
90638
90638
90638
90638
90639
90639
90639
90639
90639
90639
90639
90639
90639
90639
90639
90640
90640
90640
90640
90640
90640
90640
90650
90650
90650
90650
90650
90650
90650
90650
90651
90651
90651
90651
90651
90651
90651
90651
90651
90651
90652
90652
90652
90652
90652
90652
90652
90652
90659
90659
90659
90659
90659
90659
90659
90659
90659
90659
90659
90660
90660
90660
90660
90660
90660
90660
90660
90661
90661
90661
90661
90661
90661
90661
90661
90662
90662
90662
90662
90662
90662
90670
90670
90670
90670
90670
90671
90671
90671
90671
90671
90671
90680
90680
90680
90680
90680
90680
90680
90701
90701
90701
90701
90701
90701
90701
90701
90701
90701
90702
90702
90702
90702
90702
90702
90703
90703
90703
90703
90703
90703
90703
90703
90703
90704
90704
90704
90704
90704
90704
90704
90704
90706
90706
90706
90706
90706
90706
90706
90706
90706
90706
90706
90706
90706
90706
90707
90707
90707
90707
90707
90707
90707
90710
90710
90710
90710
90710
90710
90710
90711
90711
90711
90711
90711
90711
90711
90711
90711
90711
90711
90711
90711
90711
90711
90712
90712
90712
90712
90712
90712
90712
90713
90713
90713
90713
90713
90713
90713
90713
90713
90713
90713
90714
90714
90714
90714
90714
90714
90715
90715
90715
90715
90715
90715
90715
90715
90715
90716
90716
90716
90716
90716
90716
90716
90716
90717
90717
90717
90717
90717
90717
90717
90717
90720
90720
90720
90720
90720
90720
90720
90720
90720
90721
90721
90721
90721
90721
90721
90721
90721
90721
90721
90721
90721
90721
90721
90721
90723
90723
90723
90723
90723
90723
90723
90723
90723
90723
90723
90723
90731
90731
90731
90731
90731
90731
90731
90731
90731
90732
90732
90732
90732
90732
90732
90732
90732
90732
90732
90732
90733
90733
90733
90733
90733
90733
90733
90733
90734
90734
90734
90734
90734
90734
90734
90734
90734
90740
90740
90740
90740
90740
90742
90742
90742
90742
90742
90742
90742
90742
90743
90743
90743
90743
90743
90743
90743
90743
90744
90744
90744
90744
90744
90744
90744
90744
90744
90744
90744
90744
90745
90745
90745
90745
90745
90745
90746
90746
90746
90746
90746
90746
90746
90746
90746
90747
90747
90747
90747
90747
90747
90748
90748
90748
90748
90748
90748
90748
90748
90749
90749
90749
90749
90749
90749
90749
90749
90749
90749
90749
90749
90749
90755
90755
90755
90755
90755
90755
90801
90801
90801
90801
90801
90802
90802
90802
90802
90802
90802
90802
90802
90802
90803
90803
90803
90803
90804
90804
90804
90804
90804
90804
90804
90804
90804
90804
90804
90804
90804
90804
90805
90805
90805
90805
90805
90805
90805
90805
90805
90805
90805
90805
90806
90806
90806
90806
90806
90806
90806
90807
90807
90807
90807
90807
90807
90807
90807
90807
90808
90808
90808
90808
90808
90809
90809
90809
90809
90809
90809
90809
90809
90809
90809
90809
90810
90810
90810
90810
90810
90810
90810
90810
90810
90813
90813
90813
90813
90813
90813
90814
90814
90814
90814
90814
90814
90814
90814
90814
90814
90815
90815
90815
90815
90815
90815
90815
90822
90822
90822
90822
90822
90822
90822
90822
90822
90822
90822
90831
90831
90831
90831
90831
90831
90831
90831
90831
90832
90832
90832
90832
90832
90832
90832
90832
90832
90832
90832
90832
90832
90832
90833
90833
90833
90833
90833
90833
90833
90833
90834
90834
90834
90834
90834
90834
90834
90834
90834
90834
90834
90834
90834
90834
90835
90835
90835
90835
90835
90835
90835
90840
90840
90840
90840
90840
90840
90840
90840
90840
90840
90840
90840
90840
90842
90842
90842
90842
90842
90842
90842
90842
90844
90844
90844
90844
90844
90844
90844
90845
90845
90845
90845
90845
90845
90845
90846
90846
90846
90846
90846
90846
90846
90846
90847
90847
90847
90847
90847
90847
90847
90847
90847
90848
90848
90848
90848
90848
90848
90848
90853
90853
90853
90853
90853
90853
90853
90853
90853
90853
90853
90853
90853
90888
90888
90888
90888
90888
90888
90888
90888
90888
90895
90895
90895
90895
90895
90895
90895
90899
90899
90899
90899
90899
90899
90899
90899
90899
91001
91001
91001
91001
91001
91001
91001
91001
91001
91001
91001
91003
91003
91003
91003
91003
91003
91003
91003
91003
91006
91006
91006
91006
91006
91006
91006
91006
91006
91006
91006
91007
91007
91007
91007
91007
91007
91007
91007
91007
91007
91007
91007
91007
91007
91007
91007
91007
91007
91009
91009
91009
91009
91009
91009
91009
91009
91009
91010
91010
91010
91010
91011
91011
91011
91011
91012
91012
91012
91012
91012
91012
91012
91012
91012
91012
91012
91012
91012
91012
91016
91016
91016
91016
91016
91016
91016
91016
91016
91016
91017
91017
91017
91017
91017
91017
91017
91017
91017
91017
91020
91020
91020
91020
91020
91020
91021
91021
91021
91021
91021
91021
91021
91021
91021
91021
91021
91023
91023
91023
91023
91023
91023
91024
91024
91024
91024
91024
91024
91024
91024
91024
91024
91024
91024
91024
91024
91024
91024
91025
91025
91025
91025
91030
91030
91030
91030
91030
91031
91031
91031
91031
91031
91031
91040
91040
91040
91040
91040
91040
91041
91041
91041
91041
91041
91041
91041
91041
91041
91041
91041
91041
91042
91042
91042
91042
91042
91042
91042
91042
91042
91042
91042
91043
91043
91043
91043
91043
91043
91043
91043
91043
91046
91046
91046
91046
91046
91046
91046
91046
91066
91066
91066
91066
91066
91066
91077
91077
91077
91077
91077
91077
91101
91101
91101
91101
91102
91102
91102
91102
91102
91102
91102
91103
91103
91103
91103
91103
91103
91103
91104
91104
91104
91104
91104
91104
91104
91104
91105
91105
91105
91105
91105
91105
91105
91105
91105
91105
91106
91106
91106
91106
91106
91106
91106
91106
91106
91107
91107
91107
91107
91107
91107
91108
91108
91108
91108
91108
91108
91109
91109
91109
91109
91109
91109
91109
91109
91109
91110
91110
91110
91110
91110
91110
91110
91110
91110
91110
91114
91114
91114
91114
91114
91114
91114
91114
91114
91114
91114
91114
91115
91115
91115
91115
91115
91115
91115
91115
91115
91115
91116
91116
91116
91116
91116
91116
91116
91116
91116
91116
91116
91116
91117
91117
91117
91117
91117
91117
91117
91117
91117
91117
91117
91117
91118
91118
91118
91118
91118
91118
91118
91118
91118
91121
91121
91121
91121
91121
91121
91121
91121
91121
91121
91123
91123
91123
91123
91123
91123
91123
91123
91123
91123
91124
91124
91124
91124
91124
91124
91124
91124
91124
91124
91124
91124
91125
91125
91125
91125
91125
91125
91125
91125
91125
91125
91125
91125
91125
91125
91125
91125
91125
91125
91126
91126
91126
91126
91126
91126
91129
91129
91129
91129
91131
91131
91131
91131
91131
91131
91131
91131
91131
91131
91182
91182
91182
91182
91182
91182
91182
91182
91182
91182
91182
91182
91184
91184
91184
91184
91184
91184
91184
91184
91184
91184
91185
91185
91185
91185
91185
91185
91185
91185
91185
91185
91188
91188
91188
91188
91188
91188
91188
91188
91188
91188
91188
91188
91188
91188
91189
91189
91189
91189
91189
91189
91189
91189
91191
91191
91191
91191
91191
91191
91199
91199
91199
91199
91199
91199
91201
91201
91201
91201
91201
91201
91201
91201
91201
91201
91201
91202
91202
91202
91202
91202
91202
91202
91203
91203
91203
91203
91203
91203
91203
91203
91203
91203
91203
91204
91204
91204
91204
91205
91205
91205
91205
91205
91205
91205
91205
91206
91206
91206
91206
91206
91206
91206
91206
91206
91206
91207
91207
91207
91207
91207
91207
91207
91207
91207
91207
91207
91208
91208
91208
91208
91208
91208
91209
91209
91209
91209
91209
91209
91209
91209
91209
91209
91209
91209
91209
91210
91210
91210
91210
91210
91210
91210
91210
91210
91214
91214
91214
91214
91214
91214
91214
91214
91221
91221
91221
91221
91221
91221
91221
91221
91221
91221
91221
91221
91222
91222
91222
91222
91222
91222
91222
91222
91222
91222
91222
91222
91222
91224
91224
91225
91225
91225
91225
91225
91225
91225
91225
91226
91226
91226
91226
91226
91226
91226
91226
91226
91301
91301
91301
91301
91301
91301
91301
91301
91301
91302
91302
91302
91302
91302
91302
91302
91302
91303
91303
91303
91303
91303
91303
91304
91304
91304
91304
91304
91304
91304
91304
91304
91304
91305
91305
91305
91305
91305
91305
91305
91305
91306
91306
91306
91306
91306
91306
91306
91306
91306
91307
91307
91307
91307
91307
91307
91308
91308
91308
91308
91308
91308
91308
91308
91308
91308
91309
91309
91309
91309
91309
91309
91309
91310
91310
91310
91310
91310
91310
91310
91310
91310
91310
91311
91311
91311
91311
91311
91311
91313
91313
91313
91313
91313
91313
91316
91316
91316
91316
91316
91316
91316
91316
91316
91316
91319
91319
91319
91319
91319
91319
91319
91319
91319
91319
91319
91320
91320
91320
91320
91320
91320
91320
91320
91321
91321
91321
91321
91321
91321
91321
91321
91321
91321
91321
91321
91321
91322
91322
91322
91322
91322
91322
91322
91322
91324
91324
91324
91324
91324
91324
91324
91324
91324
91324
91324
91324
91324
91324
91325
91325
91325
91325
91325
91326
91326
91326
91326
91326
91326
91326
91327
91327
91327
91327
91328
91328
91328
91328
91328
91328
91328
91329
91329
91329
91329
91329
91329
91329
91330
91330
91330
91330
91330
91330
91330
91330
91330
91331
91331
91331
91331
91331
91331
91331
91331
91333
91333
91333
91333
91333
91333
91333
91333
91333
91333
91334
91334
91334
91334
91334
91334
91334
91335
91335
91335
91335
91335
91335
91335
91335
91335
91335
91335
91335
91335
91335
91337
91337
91337
91337
91337
91337
91337
91340
91340
91340
91340
91340
91340
91340
91340
91340
91340
91340
91340
91340
91341
91341
91341
91341
91341
91341
91341
91341
91342
91342
91342
91342
91342
91342
91342
91342
91342
91342
91342
91343
91343
91343
91343
91343
91343
91343
91343
91343
91343
91344
91344
91344
91344
91344
91344
91345
91345
91345
91345
91345
91345
91345
91346
91346
91346
91346
91346
91346
91350
91350
91350
91350
91350
91351
91351
91351
91351
91351
91351
91351
91351
91351
91352
91352
91352
91352
91352
91352
91352
91352
91353
91353
91353
91353
91353
91353
91353
91353
91354
91354
91354
91354
91354
91354
91354
91355
91355
91355
91355
91355
91355
91355
91356
91356
91356
91356
91356
91356
91356
91357
91357
91357
91357
91357
91357
91357
91357
91357
91357
91357
91357
91357
91357
91357
91357
91357
91357
91357
91358
91358
91358
91358
91358
91358
91358
91358
91358
91358
91359
91359
91359
91359
91359
91359
91359
91360
91360
91360
91360
91360
91360
91360
91360
91360
91360
91361
91361
91361
91361
91361
91361
91361
91362
91362
91362
91362
91362
91362
91362
91362
91362
91362
91362
91362
91362
91362
91363
91363
91363
91363
91363
91363
91363
91363
91363
91363
91363
91363
91363
91363
91363
91364
91364
91364
91364
91364
91364
91364
91364
91364
91365
91365
91365
91365
91365
91365
91365
91365
91365
91365
91365
91365
91367
91367
91367
91367
91367
91367
91367
91367
91367
91367
91367
91367
91367
91371
91371
91371
91371
91371
91371
91372
91372
91372
91372
91372
91376
91376
91376
91376
91376
91376
91376
91376
91376
91377
91377
91377
91380
91380
91380
91380
91380
91380
91380
91381
91381
91381
91381
91381
91381
91382
91382
91382
91382
91383
91383
91383
91383
91383
91383
91383
91383
91383
91384
91384
91384
91384
91384
91384
91384
91385
91385
91385
91385
91385
91385
91385
91385
91386
91386
91386
91386
91386
91386
91386
91386
91386
91386
91387
91387
91387
91387
91387
91387
91387
91387
91387
91387
91387
91388
91388
91388
91388
91388
91388
91390
91390
91390
91390
91390
91390
91390
91390
91390
91392
91392
91392
91392
91392
91392
91393
91393
91393
91393
91393
91394
91395
91395
91395
91395
91395
91395
91395
91395
91395
91395
91395
91396
91396
91396
91396
91396
91396
91396
91399
91399
91399
91399
91399
91399
91399
91399
91399
91399
91399
91399
91401
91401
91401
91401
91401
91401
91401
91401
91401
91402
91402
91402
91402
91402
91402
91402
91402
91403
91403
91403
91403
91403
91403
91403
91404
91404
91404
91404
91404
91404
91404
91404
91405
91405
91405
91405
91405
91405
91405
91406
91406
91406
91406
91406
91406
91407
91407
91407
91407
91408
91408
91408
91408
91408
91408
91408
91408
91408
91408
91409
91409
91409
91409
91409
91409
91409
91409
91409
91409
91409
91409
91410
91410
91410
91410
91410
91410
91410
91410
91410
91411
91411
91411
91411
91411
91411
91411
91411
91411
91412
91412
91412
91412
91412
91412
91412
91412
91413
91413
91413
91413
91413
91413
91413
91413
91413
91413
91413
91413
91413
91413
91413
91416
91416
91416
91416
91416
91416
91416
91416
91423
91423
91423
91423
91423
91423
91423
91423
91423
91423
91426
91426
91426
91426
91426
91426
91426
91426
91426
91426
91426
91436
91436
91436
91436
91436
91436
91436
91470
91470
91470
91470
91470
91470
91482
91482
91482
91482
91482
91482
91482
91482
91482
91482
91482
91495
91495
91495
91495
91496
91496
91496
91496
91496
91496
91496
91496
91497
91497
91497
91497
91497
91497
91497
91497
91497
91499
91499
91499
91499
91499
91501
91501
91501
91501
91502
91502
91502
91502
91502
91502
91503
91503
91503
91503
91503
91503
91503
91503
91503
91503
91504
91504
91504
91504
91504
91504
91504
91504
91504
91504
91504
91505
91505
91505
91506
91506
91506
91506
91506
91507
91507
91507
91507
91507
91507
91508
91508
91508
91508
91508
91510
91510
91510
91510
91510
91510
91510
91510
91521
91521
91521
91521
91521
91521
91521
91521
91521
91521
91521
91521
91522
91522
91522
91522
91522
91522
91522
91522
91522
91522
91522
91523
91523
91523
91523
91523
91523
91523
91523
91523
91526
91526
91526
91526
91526
91601
91601
91601
91601
91601
91601
91601
91601
91601
91601
91601
91602
91602
91602
91602
91602
91602
91602
91602
91603
91603
91603
91603
91603
91603
91603
91603
91604
91604
91604
91604
91604
91604
91605
91605
91605
91605
91605
91605
91605
91606
91606
91606
91606
91606
91606
91606
91606
91607
91607
91607
91607
91607
91607
91608
91608
91608
91608
91609
91609
91609
91609
91609
91609
91609
91609
91609
91609
91609
91609
91610
91610
91610
91610
91610
91610
91610
91611
91611
91611
91611
91611
91611
91611
91611
91612
91612
91612
91612
91612
91612
91612
91612
91614
91614
91614
91614
91614
91614
91614
91614
91614
91615
91615
91615
91615
91615
91616
91616
91616
91616
91616
91616
91616
91616
91616
91616
91616
91616
91616
91617
91617
91617
91617
91617
91617
91617
91617
91617
91617
91617
91617
91618
91618
91618
91618
91618
91618
91618
91618
91618
91701
91701
91701
91701
91701
91701
91701
91701
91701
91701
91701
91701
91702
91702
91702
91702
91702
91702
91702
91702
91702
91702
91702
91706
91706
91706
91706
91706
91706
91706
91706
91708
91708
91708
91708
91708
91708
91708
91708
91709
91709
91709
91709
91709
91709
91709
91709
91710
91710
91710
91710
91710
91710
91710
91711
91711
91711
91711
91711
91711
91711
91714
91714
91714
91714
91714
91714
91714
91715
91715
91715
91715
91716
91716
91716
91716
91722
91722
91722
91722
91722
91722
91722
91722
91722
91722
91723
91723
91723
91723
91723
91723
91724
91724
91724
91724
91724
91724
91724
91729
91729
91729
91729
91729
91729
91729
91729
91730
91730
91730
91730
91730
91731
91731
91731
91731
91732
91732
91732
91732
91733
91733
91733
91733
91733
91733
91733
91733
91733
91733
91733
91734
91734
91734
91734
91734
91734
91734
91735
91735
91735
91735
91735
91735
91735
91735
91735
91735
91735
91735
91735
91737
91737
91737
91737
91737
91737
91737
91737
91739
91739
91739
91739
91739
91739
91739
91739
91739
91739
91739
91739
91740
91740
91740
91740
91740
91740
91741
91741
91741
91741
91741
91741
91741
91743
91743
91743
91743
91743
91743
91743
91743
91743
91743
91744
91744
91745
91745
91745
91745
91745
91745
91745
91745
91745
91745
91746
91746
91746
91746
91746
91746
91746
91746
91746
91746
91747
91747
91747
91747
91747
91747
91747
91747
91747
91748
91748
91748
91748
91748
91748
91748
91748
91748
91748
91749
91749
91749
91749
91749
91749
91749
91749
91749
91750
91750
91750
91750
91750
91750
91750
91750
91752
91752
91752
91752
91752
91752
91754
91754
91754
91754
91754
91754
91754
91754
91754
91754
91754
91755
91755
91755
91755
91755
91755
91755
91755
91755
91755
91755
91756
91756
91756
91756
91756
91756
91756
91758
91758
91758
91758
91758
91758
91758
91759
91759
91759
91759
91759
91759
91759
91759
91759
91759
91759
91761
91761
91761
91761
91761
91761
91761
91762
91762
91762
91762
91762
91762
91762
91762
91763
91763
91763
91763
91763
91764
91764
91764
91765
91765
91765
91765
91765
91766
91766
91766
91766
91766
91766
91767
91767
91767
91767
91767
91767
91767
91767
91767
91767
91767
91768
91768
91768
91768
91768
91768
91769
91769
91769
91769
91770
91770
91770
91770
91770
91770
91770
91770
91770
91771
91771
91771
91771
91771
91771
91771
91771
91771
91772
91772
91772
91772
91772
91772
91772
91773
91773
91773
91773
91773
91773
91775
91775
91775
91775
91775
91775
91775
91775
91775
91775
91775
91775
91775
91775
91775
91776
91776
91776
91776
91776
91776
91776
91776
91776
91776
91776
91778
91778
91778
91778
91778
91778
91778
91778
91778
91780
91780
91780
91780
91780
91780
91780
91780
91780
91784
91784
91784
91784
91784
91784
91784
91784
91784
91784
91784
91785
91785
91785
91785
91785
91785
91785
91785
91785
91785
91785
91786
91786
91786
91786
91786
91788
91788
91788
91788
91788
91788
91788
91789
91789
91789
91789
91789
91789
91789
91789
91789
91789
91789
91789
91789
91790
91790
91790
91790
91790
91790
91790
91790
91790
91790
91791
91791
91791
91791
91791
91791
91791
91792
91792
91792
91792
91792
91792
91792
91792
91792
91792
91792
91792
91792
91792
91793
91793
91793
91793
91793
91793
91793
91793
91793
91793
91793
91795
91795
91795
91795
91795
91795
91795
91795
91797
91797
91797
91797
91797
91797
91797
91797
91797
91797
91797
91797
91797
91797
91797
91798
91798
91798
91798
91798
91798
91799
91799
91799
91799
91799
91799
91799
91799
91799
91801
91801
91801
91801
91801
91801
91801
91801
91801
91801
91801
91801
91802
91802
91802
91802
91802
91802
91803
91803
91803
91803
91803
91803
91803
91803
91803
91804
91804
91804
91804
91804
91804
91804
91804
91804
91804
91804
91804
91841
91841
91841
91841
91841
91841
91841
91841
91841
91841
91841
91841
91841
91841
91841
91841
91841
91841
91896
91896
91896
91896
91899
91899
91899
91899
91899
91899
92201
92201
92201
92201
92201
92201
92201
92201
92201
92201
92201
92201
92202
92202
92202
92202
92202
92202
92202
92202
92202
92202
92202
92203
92203
92203
92203
92203
92203
92203
92203
92203
92210
92210
92210
92210
92210
92210
92210
92210
92210
92210
92210
92210
92210
92210
92210
92210
92211
92211
92211
92211
92211
92211
92211
92220
92220
92220
92220
92220
92220
92220
92220
92220
92220
92220
92223
92223
92223
92223
92223
92223
92223
92225
92225
92225
92226
92226
92226
92230
92230
92230
92230
92230
92230
92230
92230
92230
92234
92234
92234
92234
92234
92234
92234
92234
92234
92234
92235
92235
92235
92235
92235
92235
92235
92236
92236
92236
92236
92236
92236
92236
92236
92236
92239
92239
92239
92239
92239
92239
92239
92239
92239
92239
92239
92240
92240
92240
92240
92240
92240
92240
92240
92240
92240
92241
92241
92241
92241
92241
92241
92241
92241
92241
92241
92241
92242
92242
92242
92242
92242
92242
92242
92242
92247
92247
92247
92247
92247
92247
92247
92247
92248
92248
92248
92248
92248
92248
92248
92248
92248
92248
92248
92252
92252
92252
92252
92252
92252
92252
92252
92252
92252
92252
92252
92252
92253
92253
92253
92253
92253
92253
92253
92253
92253
92253
92253
92253
92253
92253
92254
92254
92254
92254
92254
92254
92254
92254
92254
92254
92254
92254
92255
92255
92255
92255
92255
92255
92255
92255
92255
92255
92255
92256
92256
92256
92256
92256
92256
92256
92258
92258
92258
92258
92258
92258
92258
92258
92258
92258
92258
92260
92260
92260
92260
92261
92261
92261
92261
92261
92261
92262
92262
92262
92262
92262
92262
92262
92262
92262
92263
92263
92263
92263
92263
92263
92263
92263
92263
92263
92263
92263
92263
92263
92263
92263
92263
92263
92263
92264
92264
92264
92264
92264
92264
92264
92264
92264
92264
92264
92264
92264
92264
92267
92267
92267
92267
92267
92267
92267
92267
92267
92267
92267
92267
92267
92267
92268
92268
92268
92268
92268
92268
92270
92270
92270
92270
92270
92270
92270
92270
92270
92270
92274
92274
92274
92274
92274
92274
92276
92276
92276
92276
92276
92276
92276
92276
92276
92276
92276
92276
92277
92277
92277
92277
92277
92277
92277
92277
92277
92277
92277
92277
92277
92278
92278
92278
92278
92278
92278
92280
92280
92280
92280
92280
92280
92280
92280
92282
92282
92282
92282
92282
92282
92282
92282
92282
92282
92282
92282
92282
92282
92282
92284
92284
92284
92284
92285
92285
92285
92285
92285
92285
92285
92285
92285
92285
92285
92286
92286
92286
92286
92286
92286
92286
92286
92286
92286
92286
92292
92292
92292
92292
92292
92292
92292
92292
92292
92292
92301
92301
92301
92301
92301
92301
92301
92301
92304
92304
92304
92304
92304
92304
92304
92304
92304
92304
92304
92305
92305
92305
92305
92305
92305
92305
92307
92307
92307
92307
92307
92307
92307
92307
92307
92307
92307
92308
92308
92308
92308
92308
92308
92308
92308
92309
92309
92309
92309
92309
92309
92309
92309
92309
92309
92309
92310
92310
92310
92310
92310
92310
92310
92310
92310
92311
92311
92311
92311
92311
92311
92311
92311
92312
92312
92312
92312
92313
92313
92313
92313
92313
92313
92313
92313
92313
92314
92314
92314
92314
92314
92314
92314
92314
92315
92315
92315
92315
92315
92315
92315
92315
92315
92315
92315
92315
92315
92315
92315
92316
92316
92316
92316
92316
92316
92317
92317
92317
92317
92317
92317
92317
92317
92317
92318
92318
92318
92318
92318
92318
92318
92320
92320
92320
92320
92320
92320
92320
92320
92320
92320
92320
92321
92321
92321
92321
92321
92321
92321
92321
92321
92321
92321
92322
92322
92322
92322
92322
92322
92322
92323
92323
92323
92323
92323
92323
92323
92323
92323
92324
92324
92324
92324
92324
92324
92324
92324
92324
92324
92324
92325
92325
92325
92325
92325
92325
92325
92326
92326
92326
92326
92326
92326
92326
92326
92326
92326
92327
92327
92327
92327
92327
92327
92327
92327
92327
92327
92329
92329
92329
92329
92331
92331
92331
92331
92331
92331
92331
92331
92332
92332
92332
92332
92332
92333
92333
92333
92333
92333
92334
92334
92334
92334
92334
92334
92334
92334
92334
92334
92335
92335
92335
92335
92335
92336
92336
92336
92336
92336
92336
92336
92336
92336
92336
92336
92336
92337
92337
92337
92337
92337
92337
92337
92337
92337
92338
92338
92338
92338
92338
92338
92339
92339
92339
92339
92339
92339
92340
92340
92340
92341
92341
92341
92341
92341
92341
92341
92341
92342
92342
92342
92342
92342
92342
92342
92342
92342
92342
92342
92342
92342
92342
92342
92344
92344
92344
92344
92344
92344
92345
92345
92345
92345
92345
92345
92345
92345
92345
92345
92345
92345
92345
92345
92346
92346
92346
92346
92346
92346
92346
92346
92347
92347
92347
92347
92347
92347
92347
92347
92347
92347
92350
92350
92350
92350
92350
92350
92350
92350
92350
92350
92350
92350
92350
92352
92352
92352
92352
92352
92354
92354
92354
92354
92354
92356
92356
92357
92357
92357
92357
92357
92357
92357
92357
92357
92357
92358
92358
92358
92358
92358
92358
92358
92358
92358
92358
92358
92359
92359
92359
92359
92359
92359
92359
92359
92359
92359
92359
92359
92359
92363
92363
92363
92363
92363
92363
92363
92363
92363
92364
92364
92364
92364
92364
92364
92364
92364
92364
92364
92365
92365
92365
92365
92365
92365
92365
92365
92365
92365
92366
92366
92366
92366
92366
92366
92366
92366
92366
92366
92368
92368
92368
92368
92368
92368
92368
92368
92368
92368
92368
92368
92368
92368
92368
92369
92369
92369
92369
92369
92369
92369
92369
92369
92371
92371
92371
92371
92371
92371
92371
92371
92372
92372
92372
92372
92372
92372
92372
92372
92372
92373
92373
92373
92373
92373
92373
92373
92373
92374
92374
92374
92374
92374
92374
92374
92374
92375
92375
92375
92375
92375
92375
92376
92376
92376
92376
92376
92376
92376
92376
92376
92376
92377
92377
92377
92377
92377
92377
92377
92377
92377
92377
92377
92378
92378
92378
92378
92378
92378
92382
92382
92382
92382
92382
92382
92382
92382
92382
92382
92382
92382
92385
92385
92385
92385
92385
92385
92385
92385
92385
92386
92386
92386
92386
92386
92386
92386
92386
92386
92386
92386
92386
92391
92391
92391
92391
92391
92391
92391
92391
92391
92391
92392
92392
92392
92392
92392
92392
92392
92393
92393
92393
92393
92393
92393
92393
92393
92393
92393
92393
92393
92393
92393
92393
92394
92394
92394
92394
92394
92394
92394
92395
92395
92395
92395
92395
92395
92395
92395
92395
92395
92395
92395
92397
92397
92397
92397
92397
92397
92397
92398
92398
92398
92398
92398
92398
92398
92398
92398
92398
92398
92399
92399
92399
92399
92399
92399
92399
92399
92399
92399
92399
92399
92399
92401
92401
92401
92401
92401
92401
92401
92401
92401
92401
92401
92402
92402
92402
92402
92402
92402
92402
92402
92402
92403
92403
92403
92403
92403
92403
92403
92403
92403
92403
92404
92404
92404
92404
92404
92404
92404
92404
92405
92405
92405
92405
92405
92405
92406
92406
92406
92406
92406
92406
92406
92407
92407
92407
92407
92407
92407
92407
92408
92408
92408
92408
92408
92408
92408
92408
92408
92410
92410
92410
92410
92410
92410
92410
92410
92411
92411
92411
92411
92411
92411
92411
92411
92411
92412
92412
92412
92412
92412
92412
92412
92413
92413
92413
92413
92413
92413
92413
92413
92413
92413
92413
92413
92414
92414
92414
92414
92414
92414
92414
92414
92414
92415
92415
92415
92415
92415
92415
92415
92418
92418
92418
92418
92418
92418
92418
92418
92418
92423
92423
92423
92423
92423
92423
92423
92423
92423
92423
92424
92424
92424
92424
92424
92424
92424
92424
92424
92424
92424
92424
92427
92427
92427
92427
92427
92427
92501
92501
92501
92501
92501
92501
92501
92501
92501
92502
92502
92502
92502
92502
92502
92502
92502
92502
92502
92503
92503
92503
92503
92503
92503
92503
92503
92503
92503
92503
92503
92503
92503
92504
92504
92504
92504
92504
92504
92504
92505
92505
92505
92506
92506
92506
92506
92506
92506
92506
92506
92506
92506
92506
92507
92507
92507
92507
92507
92507
92507
92507
92507
92508
92508
92508
92508
92508
92508
92508
92508
92508
92509
92509
92509
92509
92509
92509
92509
92509
92509
92513
92513
92513
92513
92513
92513
92513
92513
92513
92514
92514
92514
92514
92514
92514
92514
92514
92515
92515
92515
92515
92516
92516
92516
92516
92516
92516
92516
92517
92517
92517
92517
92517
92517
92517
92517
92517
92518
92518
92518
92518
92518
92518
92519
92519
92519
92519
92519
92519
92519
92519
92519
92519
92521
92521
92521
92521
92521
92521
92521
92521
92521
92521
92521
92522
92522
92522
92522
92522
92522
92522
92522
92522
92522
92522
92522
92522
92530
92530
92530
92530
92530
92530
92530
92530
92530
92530
92530
92530
92530
92530
92531
92531
92531
92531
92531
92531
92531
92531
92531
92532
92532
92532
92532
92532
92532
92532
92532
92532
92532
92532
92536
92536
92536
92536
92536
92536
92536
92536
92536
92536
92536
92536
92536
92536
92539
92539
92539
92539
92539
92539
92539
92539
92543
92543
92543
92543
92543
92543
92543
92543
92544
92544
92544
92544
92544
92544
92545
92545
92545
92545
92545
92545
92545
92546
92546
92546
92546
92546
92546
92546
92546
92546
92546
92546
92546
92546
92546
92546
92548
92548
92548
92548
92548
92548
92548
92548
92549
92549
92549
92549
92549
92549
92551
92551
92551
92551
92551
92551
92551
92551
92551
92552
92552
92552
92552
92552
92552
92553
92553
92553
92553
92553
92553
92554
92554
92554
92554
92554
92554
92554
92554
92555
92555
92555
92555
92555
92555
92556
92556
92556
92556
92556
92556
92556
92556
92556
92557
92557
92557
92557
92557
92557
92557
92557
92561
92561
92561
92561
92561
92561
92561
92561
92562
92562
92562
92562
92562
92562
92562
92563
92563
92563
92563
92563
92563
92563
92563
92564
92564
92564
92564
92564
92564
92564
92564
92564
92564
92567
92567
92567
92567
92567
92567
92567
92570
92570
92570
92570
92570
92570
92570
92570
92570
92570
92570
92570
92570
92571
92571
92571
92571
92571
92571
92571
92572
92572
92572
92572
92572
92572
92572
92572
92572
92572
92572
92572
92581
92581
92581
92581
92581
92581
92581
92581
92582
92582
92582
92582
92582
92582
92582
92582
92582
92583
92583
92583
92583
92583
92583
92583
92583
92583
92583
92583
92584
92584
92584
92584
92584
92584
92584
92584
92585
92585
92585
92585
92585
92585
92585
92586
92586
92586
92586
92586
92586
92586
92586
92586
92587
92587
92587
92587
92587
92587
92587
92587
92587
92587
92587
92587
92589
92589
92589
92589
92589
92590
92590
92590
92590
92590
92590
92590
92590
92590
92590
92590
92590
92590
92591
92591
92591
92591
92591
92592
92592
92592
92592
92592
92592
92592
92592
92592
92592
92592
92592
92593
92593
92593
92593
92593
92593
92593
92595
92595
92595
92595
92595
92595
92595
92595
92595
92595
92595
92595
92595
92596
92596
92596
92596
92596
92596
92596
92596
92596
92596
92596
92599
92599
92599
92599
92599
92599
92599
92602
92602
92602
92602
92602
92603
92603
92603
92603
92603
92603
92603
92603
92603
92604
92604
92604
92604
92604
92604
92604
92604
92604
92605
92605
92606
92606
92606
92606
92606
92606
92606
92606
92606
92606
92606
92606
92607
92607
92607
92607
92607
92607
92607
92607
92609
92609
92609
92609
92609
92609
92610
92610
92610
92610
92610
92610
92610
92610
92610
92610
92610
92610
92610
92612
92612
92612
92612
92612
92612
92612
92612
92612
92612
92614
92614
92614
92614
92614
92614
92614
92614
92614
92614
92615
92615
92615
92615
92615
92615
92616
92616
92616
92616
92616
92616
92616
92616
92616
92617
92617
92617
92617
92617
92617
92617
92618
92618
92618
92618
92618
92618
92618
92619
92619
92619
92619
92619
92619
92619
92619
92620
92620
92620
92620
92620
92620
92620
92620
92623
92623
92623
92623
92623
92623
92623
92623
92623
92623
92623
92623
92624
92624
92624
92624
92624
92624
92624
92625
92625
92625
92625
92625
92625
92625
92625
92625
92625
92626
92626
92626
92626
92626
92626
92626
92626
92626
92627
92627
92627
92627
92627
92627
92627
92628
92628
92628
92628
92628
92628
92628
92628
92628
92629
92629
92629
92629
92629
92629
92630
92630
92630
92630
92630
92630
92630
92630
92630
92630
92630
92637
92637
92637
92637
92637
92637
92637
92646
92646
92646
92646
92646
92646
92647
92647
92647
92647
92647
92647
92647
92647
92648
92648
92648
92648
92648
92648
92648
92648
92649
92649
92649
92649
92649
92649
92649
92649
92649
92649
92649
92649
92649
92649
92649
92650
92650
92650
92650
92650
92650
92650
92650
92650
92650
92650
92650
92650
92650
92650
92650
92650
92650
92650
92651
92651
92651
92651
92651
92651
92651
92651
92652
92652
92652
92652
92652
92652
92652
92652
92652
92653
92653
92653
92653
92653
92653
92653
92653
92653
92653
92654
92654
92654
92654
92654
92654
92654
92654
92654
92654
92654
92654
92654
92654
92654
92655
92655
92655
92655
92655
92655
92655
92655
92655
92655
92655
92655
92656
92656
92656
92656
92656
92656
92656
92657
92657
92657
92657
92657
92657
92657
92657
92657
92658
92658
92658
92658
92658
92658
92658
92659
92659
92659
92659
92659
92660
92660
92660
92660
92660
92661
92661
92661
92661
92661
92661
92661
92661
92661
92661
92662
92662
92662
92662
92662
92662
92662
92662
92662
92663
92663
92663
92663
92663
92663
92663
92663
92663
92663
92663
92663
92663
92672
92672
92672
92672
92672
92672
92672
92672
92672
92673
92673
92673
92673
92674
92674
92674
92674
92674
92674
92675
92675
92675
92675
92675
92675
92675
92675
92675
92675
92675
92676
92676
92676
92676
92676
92676
92676
92677
92677
92677
92677
92677
92677
92677
92678
92678
92678
92678
92678
92678
92678
92678
92678
92678
92678
92678
92679
92679
92679
92679
92679
92679
92679
92679
92679
92679
92679
92683
92683
92683
92683
92683
92684
92684
92684
92684
92684
92684
92684
92684
92684
92685
92685
92685
92685
92685
92685
92688
92688
92688
92688
92688
92688
92688
92688
92688
92688
92688
92688
92690
92690
92690
92690
92690
92691
92691
92691
92691
92691
92691
92691
92692
92692
92692
92692
92692
92692
92692
92692
92692
92693
92693
92693
92693
92693
92693
92693
92693
92693
92693
92693
92693
92694
92694
92694
92694
92694
92697
92697
92697
92697
92697
92697
92697
92698
92698
92698
92698
92698
92698
92701
92701
92701
92701
92701
92701
92701
92701
92701
92701
92701
92702
92702
92702
92702
92702
92702
92702
92702
92702
92703
92703
92703
92703
92704
92704
92704
92704
92704
92704
92704
92705
92705
92705
92705
92706
92706
92706
92706
92706
92706
92706
92706
92706
92706
92707
92707
92707
92707
92707
92707
92707
92708
92708
92708
92708
92709
92709
92709
92709
92709
92709
92709
92710
92710
92710
92710
92710
92710
92710
92710
92711
92711
92711
92711
92711
92711
92711
92711
92711
92711
92711
92711
92712
92712
92712
92712
92712
92712
92712
92725
92725
92725
92725
92725
92725
92725
92725
92725
92725
92725
92725
92725
92728
92728
92728
92728
92728
92728
92735
92735
92735
92735
92780
92780
92780
92780
92780
92780
92780
92780
92780
92780
92781
92781
92781
92781
92781
92781
92781
92781
92781
92781
92781
92782
92782
92782
92782
92782
92782
92799
92799
92799
92799
92799
92799
92799
92799
92799
92801
92801
92801
92801
92801
92801
92801
92801
92801
92802
92802
92802
92803
92803
92803
92803
92803
92803
92803
92803
92803
92803
92803
92804
92804
92804
92804
92804
92804
92804
92805
92805
92805
92805
92805
92805
92805
92805
92805
92805
92805
92805
92806
92806
92806
92806
92806
92806
92806
92806
92807
92807
92807
92807
92807
92807
92807
92807
92807
92808
92808
92808
92808
92808
92808
92808
92808
92809
92809
92809
92809
92809
92809
92809
92809
92809
92809
92809
92809
92809
92811
92811
92811
92811
92811
92811
92812
92812
92812
92812
92812
92812
92812
92812
92812
92812
92812
92812
92814
92814
92814
92814
92815
92815
92815
92815
92815
92815
92816
92816
92816
92816
92816
92817
92817
92817
92817
92817
92817
92821
92821
92821
92821
92821
92821
92821
92821
92821
92822
92822
92822
92822
92822
92822
92822
92822
92822
92822
92822
92823
92823
92823
92823
92823
92823
92823
92823
92825
92825
92825
92825
92825
92825
92825
92831
92831
92831
92831
92831
92831
92831
92831
92831
92832
92832
92832
92832
92832
92832
92832
92832
92833
92833
92833
92833
92833
92833
92833
92833
92833
92833
92833
92833
92833
92834
92834
92834
92834
92834
92834
92834
92834
92834
92834
92835
92835
92835
92835
92835
92835
92836
92836
92836
92836
92836
92836
92837
92837
92837
92837
92837
92837
92837
92838
92838
92838
92838
92838
92838
92838
92838
92838
92838
92838
92838
92838
92840
92840
92840
92840
92840
92840
92840
92841
92841
92841
92841
92841
92841
92841
92841
92841
92842
92842
92842
92842
92842
92842
92842
92842
92842
92842
92842
92843
92843
92843
92843
92843
92843
92843
92843
92844
92844
92844
92844
92844
92844
92844
92844
92844
92845
92845
92845
92846
92846
92846
92846
92846
92846
92846
92846
92846
92846
92846
92850
92850
92850
92850
92850
92850
92850
92850
92856
92856
92856
92856
92856
92856
92857
92857
92857
92857
92857
92857
92859
92859
92859
92859
92859
92859
92859
92860
92860
92860
92860
92860
92860
92860
92860
92860
92861
92861
92861
92861
92861
92862
92862
92862
92862
92862
92862
92862
92862
92862
92862
92863
92863
92863
92863
92863
92863
92863
92863
92863
92864
92864
92864
92864
92864
92864
92864
92864
92865
92865
92865
92865
92865
92865
92865
92865
92865
92865
92865
92866
92866
92866
92866
92866
92866
92867
92867
92867
92867
92867
92867
92867
92867
92867
92868
92868
92868
92868
92868
92868
92868
92868
92868
92869
92869
92869
92869
92869
92870
92870
92870
92870
92870
92870
92870
92870
92870
92870
92870
92871
92871
92871
92877
92877
92877
92877
92877
92877
92877
92877
92877
92877
92877
92877
92877
92877
92877
92878
92878
92878
92878
92878
92878
92878
92878
92878
92878
92878
92879
92879
92879
92879
92879
92879
92879
92879
92880
92880
92880
92880
92880
92880
92880
92880
92881
92881
92881
92881
92881
92881
92881
92881
92881
92881
92882
92882
92882
92882
92882
92882
92882
92882
92883
92883
92883
92883
92883
92883
92883
92883
92883
92883
92883
92883
92885
92885
92885
92885
92885
92885
92885
92885
92885
92885
92886
92886
92886
92886
92886
92886
92886
92886
92887
92887
92887
92887
92887
92887
92887
92887
92887
92887
92887
92887
92899
92899
92899
92899
92899
92899
92899
92899
92899
92899
92899
93001
93001
93001
93001
93001
93001
93001
93002
93002
93002
93002
93002
93002
93002
93002
93002
93002
93002
93002
93002
93002
93002
93003
93003
93003
93003
93003
93003
93003
93003
93004
93004
93004
93004
93004
93004
93004
93004
93004
93004
93004
93004
93005
93005
93005
93005
93005
93005
93005
93006
93006
93006
93006
93006
93006
93006
93006
93006
93006
93006
93007
93007
93007
93007
93007
93007
93007
93009
93009
93009
93009
93009
93009
93010
93010
93010
93010
93010
93010
93011
93011
93011
93011
93011
93011
93011
93011
93011
93011
93011
93012
93012
93012
93012
93012
93012
93012
93012
93012
93012
93012
93012
93015
93015
93015
93015
93015
93015
93015
93015
93015
93015
93015
93015
93016
93016
93016
93016
93016
93016
93016
93016
93016
93016
93016
93020
93020
93020
93020
93020
93020
93020
93020
93020
93020
93020
93020
93021
93021
93021
93021
93022
93022
93022
93022
93022
93022
93022
93022
93023
93023
93023
93023
93023
93023
93023
93023
93023
93023
93023
93024
93024
93024
93024
93024
93024
93024
93024
93024
93030
93030
93030
93030
93030
93030
93030
93030
93030
93030
93030
93030
93030
93031
93031
93031
93031
93031
93031
93031
93031
93032
93032
93032
93032
93032
93032
93032
93033
93033
93033
93033
93033
93033
93033
93033
93033
93033
93033
93033
93033
93034
93034
93034
93034
93034
93034
93034
93034
93034
93034
93035
93035
93035
93035
93035
93035
93035
93035
93035
93035
93036
93036
93036
93036
93036
93036
93040
93040
93040
93040
93040
93040
93041
93041
93041
93041
93041
93041
93041
93041
93041
93041
93042
93042
93042
93042
93042
93042
93042
93043
93043
93043
93043
93043
93043
93043
93044
93044
93044
93044
93044
93044
93044
93044
93044
93044
93060
93060
93060
93060
93060
93060
93060
93060
93061
93061
93061
93061
93061
93061
93061
93061
93061
93061
93061
93062
93062
93062
93062
93062
93062
93062
93062
93062
93062
93062
93063
93063
93063
93063
93063
93063
93063
93063
93064
93064
93064
93064
93064
93064
93064
93064
93065
93065
93065
93065
93065
93065
93065
93065
93066
93066
93066
93066
93066
93066
93066
93093
93093
93093
93093
93093
93093
93094
93094
93094
93094
93094
93094
93094
93094
93094
93094
93094
93094
93099
93099
93099
93099
93099
93099
93099
93099
93099
93099
93510
93510
93510
93510
93510
93510
93510
93510
93532
93532
93532
93532
93532
93532
93534
93534
93534
93534
93534
93534
93534
93535
93535
93535
93535
93535
93535
93535
93535
93535
93535
93535
93535
93535
93535
93536
93536
93536
93536
93536
93536
93536
93536
93536
93536
93539
93539
93539
93539
93543
93543
93543
93543
93543
93543
93543
93543
93543
93543
93543
93543
93543
93544
93544
93544
93544
93544
93550
93550
93550
93550
93550
93550
93550
93550
93550
93550
93551
93551
93551
93551
93551
93551
93551
93551
93551
93551
93551
93551
93552
93552
93552
93552
93552
93553
93553
93553
93553
93553
93553
93553
93558
93558
93558
93558
93558
93558
93558
93558
93562
93562
93562
93562
93562
93562
93562
93562
93562
93562
93562
93563
93563
93563
93563
93563
93584
93584
93584
93584
93584
93584
93584
93584
93584
93584
93584
93584
93586
93586
93586
93586
93586
93586
93586
93590
93590
93590
93590
93590
93590
93591
93591
93591
93591
93591
93591
93591
93591
93591
93591
93591
93592
93592
93592
93592
93599
93599
93599
93599
93599
93599
93599
93599