[ 90001 ,
90002 ,
90003 ,
90004 ,
90005 ,
90006 ,
90007 ,
90008 ,
90010 ,
90011 ,
90012 ,
90013 ,
90014 ,
90015 ,
90016 ,
90017 ,
90018 ,
90019 ,
90020 ,
90021 ,
90022 ,
90023 ,
90024 ,
90025 ,
90026 ,
90027 ,
90028 ,
90029 ,
90031 ,
90032 ,
90033 ,
90034 ,
90035 ,
90036 ,
90037 ,
90038 ,
90039 ,
90040 ,
90041 ,
90042 ,
90043 ,
90044 ,
90045 ,
90046 ,
90047 ,
90048 ,
90049 ,
90056 ,
90057 ,
90058 ,
90059 ,
90061 ,
90062 ,
90063 ,
90064 ,
90065 ,
90066 ,
90067 ,
90068 ,
90069 ,
90071 ,
90073 ,
90077 ,
90079 ,
90089 ,
90090 ,
90094 ,
90095 ,
90201 ,
90210 ,
90211 ,
90212 ,
90220 ,
90221 ,
90222 ,
90230 ,
90232 ,
90240 ,
90241 ,
90242 ,
90245 ,
90247 ,
90248 ,
90249 ,
90250 ,
90254 ,
90255 ,
90260 ,
90262 ,
90263 ,
90265 ,
90266 ,
90270 ,
90272 ,
90274 ,
90275 ,
90277 ,
90278 ,
90280 ,
90290 ,
90291 ,
90292 ,
90293 ,
90301 ,
90302 ,
90303 ,
90304 ,
90305 ,
90401 ,
90402 ,
90403 ,
90404 ,
90405 ,
90501 ,
90502 ,
90503 ,
90504 ,
90505 ,
90506 ,
90601 ,
90602 ,
90603 ,
90604 ,
90605 ,
90606 ,
90620 ,
90621 ,
90623 ,
90630 ,
90631 ,
90638 ,
90640 ,
90650 ,
90660 ,
90670 ,
90680 ,
90701 ,
90703 ,
90704 ,
90706 ,
90710 ,
90712 ,
90713 ,
90715 ,
90716 ,
90717 ,
90720 ,
90723 ,
90731 ,
90732 ,
90740 ,
90742 ,
90743 ,
90744 ,
90745 ,
90746 ,
90747 ,
90755 ,
90802 ,
90803 ,
90804 ,
90805 ,
90806 ,
90807 ,
90808 ,
90810 ,
90813 ,
90814 ,
90815 ,
90822 ,
90831 ,
91001 ,
91006 ,
91007 ,
91008 ,
91010 ,
91011 ,
91016 ,
91020 ,
91024 ,
91030 ,
91040 ,
91042 ,
91046 ,
91101 ,
91103 ,
91104 ,
91105 ,
91106 ,
91107 ,
91108 ,
91201 ,
91202 ,
91203 ,
91204 ,
91205 ,
91206 ,
91207 ,
91208 ,
91210 ,
91214 ,
91301 ,
91302 ,
91303 ,
91304 ,
91306 ,
91307 ,
91311 ,
91316 ,
91320 ,
91321 ,
91324 ,
91325 ,
91326 ,
91330 ,
91331 ,
91335 ,
91340 ,
91342 ,
91343 ,
91344 ,
91345 ,
91350 ,
91351 ,
91352 ,
91354 ,
91355 ,
91356 ,
91360 ,
91361 ,
91362 ,
91364 ,
91367 ,
91371 ,
91377 ,
91381 ,
91384 ,
91387 ,
91390 ,
91401 ,
91402 ,
91403 ,
91405 ,
91406 ,
91411 ,
91423 ,
91436 ,
91501 ,
91502 ,
91504 ,
91505 ,
91506 ,
91601 ,
91602 ,
91604 ,
91605 ,
91606 ,
91607 ,
91608 ,
91701 ,
91702 ,
91706 ,
91708 ,
91709 ,
91710 ,
91711 ,
91722 ,
91723 ,
91724 ,
91730 ,
91731 ,
91732 ,
91733 ,
91737 ,
91739 ,
91740 ,
91741 ,
91744 ,
91745 ,
91746 ,
91748 ,
91750 ,
91752 ,
91754 ,
91755 ,
91759 ,
91761 ,
91762 ,
91763 ,
91764 ,
91765 ,
91766 ,
91767 ,
91768 ,
91770 ,
91773 ,
91775 ,
91776 ,
91780 ,
91784 ,
91786 ,
91789 ,
91790 ,
91791 ,
91792 ,
91801 ,
91803 ,
91901 ,
91902 ,
91905 ,
91906 ,
91910 ,
91911 ,
91913 ,
91914 ,
91915 ,
91916 ,
91917 ,
91931 ,
91932 ,
91934 ,
91935 ,
91941 ,
91942 ,
91945 ,
91948 ,
91950 ,
91962 ,
91963 ,
91977 ,
91978 ,
91980 ,
92003 ,
92004 ,
92007 ,
92008 ,
92009 ,
92010 ,
92011 ,
92014 ,
92019 ,
92020 ,
92021 ,
92024 ,
92025 ,
92026 ,
92027 ,
92028 ,
92029 ,
92036 ,
92037 ,
92040 ,
92054 ,
92055 ,
92056 ,
92057 ,
92058 ,
92059 ,
92060 ,
92061 ,
92064 ,
92065 ,
92066 ,
92067 ,
92069 ,
92070 ,
92071 ,
92075 ,
92078 ,
92081 ,
92082 ,
92083 ,
92084 ,
92086 ,
92091 ,
92101 ,
92102 ,
92103 ,
92104 ,
92105 ,
92106 ,
92107 ,
92108 ,
92109 ,
92110 ,
92111 ,
92113 ,
92114 ,
92115 ,
92116 ,
92117 ,
92118 ,
92119 ,
92120 ,
92121 ,
92122 ,
92123 ,
92124 ,
92126 ,
92127 ,
92128 ,
92129 ,
92130 ,
92131 ,
92132 ,
92134 ,
92135 ,
92139 ,
92140 ,
92145 ,
92147 ,
92154 ,
92155 ,
92173 ,
92201 ,
92203 ,
92210 ,
92211 ,
92220 ,
92222 ,
92223 ,
92225 ,
92227 ,
92230 ,
92231 ,
92233 ,
92234 ,
92236 ,
92239 ,
92240 ,
92241 ,
92242 ,
92243 ,
92249 ,
92250 ,
92251 ,
92252 ,
92253 ,
92254 ,
92256 ,
92257 ,
92258 ,
92259 ,
92260 ,
92262 ,
92264 ,
92266 ,
92267 ,
92268 ,
92270 ,
92273 ,
92274 ,
92275 ,
92276 ,
92277 ,
92278 ,
92280 ,
92281 ,
92282 ,
92283 ,
92284 ,
92285 ,
92301 ,
92304 ,
92305 ,
92307 ,
92308 ,
92309 ,
92310 ,
92311 ,
92313 ,
92314 ,
92315 ,
92316 ,
92320 ,
92321 ,
92322 ,
92324 ,
92325 ,
92327 ,
92328 ,
92332 ,
92333 ,
92335 ,
92336 ,
92337 ,
92338 ,
92339 ,
92341 ,
92342 ,
92344 ,
92345 ,
92346 ,
92347 ,
92352 ,
92354 ,
92356 ,
92358 ,
92359 ,
92363 ,
92364 ,
92365 ,
92368 ,
92371 ,
92372 ,
92373 ,
92374 ,
92376 ,
92377 ,
92378 ,
92382 ,
92384 ,
92385 ,
92386 ,
92389 ,
92391 ,
92392 ,
92394 ,
92395 ,
92397 ,
92398 ,
92399 ,
92401 ,
92404 ,
92405 ,
92407 ,
92408 ,
92410 ,
92411 ,
92501 ,
92503 ,
92504 ,
92505 ,
92506 ,
92507 ,
92508 ,
92509 ,
92518 ,
92530 ,
92532 ,
92536 ,
92539 ,
92543 ,
92544 ,
92545 ,
92548 ,
92549 ,
92551 ,
92553 ,
92555 ,
92557 ,
92561 ,
92562 ,
92563 ,
92567 ,
92570 ,
92571 ,
92582 ,
92583 ,
92584 ,
92585 ,
92586 ,
92587 ,
92590 ,
92591 ,
92592 ,
92595 ,
92596 ,
92602 ,
92603 ,
92604 ,
92606 ,
92610 ,
92612 ,
92614 ,
92617 ,
92618 ,
92620 ,
92624 ,
92625 ,
92626 ,
92627 ,
92629 ,
92630 ,
92637 ,
92646 ,
92647 ,
92648 ,
92649 ,
92651 ,
92653 ,
92655 ,
92656 ,
92657 ,
92660 ,
92661 ,
92662 ,
92663 ,
92672 ,
92673 ,
92675 ,
92676 ,
92677 ,
92678 ,
92679 ,
92683 ,
92688 ,
92691 ,
92692 ,
92694 ,
92701 ,
92703 ,
92704 ,
92705 ,
92706 ,
92707 ,
92708 ,
92780 ,
92782 ,
92801 ,
92802 ,
92804 ,
92805 ,
92806 ,
92807 ,
92808 ,
92821 ,
92823 ,
92831 ,
92832 ,
92833 ,
92835 ,
92840 ,
92841 ,
92843 ,
92844 ,
92845 ,
92860 ,
92861 ,
92865 ,
92866 ,
92867 ,
92868 ,
92869 ,
92870 ,
92879 ,
92880 ,
92881 ,
92882 ,
92883 ,
92886 ,
92887 ,
93001 ,
93003 ,
93004 ,
93010 ,
93012 ,
93013 ,
93015 ,
93021 ,
93022 ,
93023 ,
93030 ,
93033 ,
93035 ,
93036 ,
93040 ,
93041 ,
93042 ,
93043 ,
93060 ,
93063 ,
93064 ,
93065 ,
93066 ,
93067 ,
93101 ,
93103 ,
93105 ,
93108 ,
93109 ,
93110 ,
93111 ,
93117 ,
93201 ,
93202 ,
93203 ,
93204 ,
93205 ,
93206 ,
93207 ,
93208 ,
93210 ,
93212 ,
93215 ,
93218 ,
93219 ,
93220 ,
93221 ,
93222 ,
93223 ,
93224 ,
93225 ,
93226 ,
93230 ,
93234 ,
93235 ,
93238 ,
93239 ,
93240 ,
93241 ,
93242 ,
93243 ,
93244 ,
93245 ,
93247 ,
93249 ,
93250 ,
93251 ,
93252 ,
93254 ,
93255 ,
93256 ,
93257 ,
93258 ,
93260 ,
93261 ,
93262 ,
93263 ,
93265 ,
93266 ,
93267 ,
93268 ,
93270 ,
93271 ,
93272 ,
93274 ,
93276 ,
93277 ,
93280 ,
93283 ,
93285 ,
93286 ,
93287 ,
93291 ,
93292 ,
93301 ,
93304 ,
93305 ,
93306 ,
93307 ,
93308 ,
93309 ,
93311 ,
93312 ,
93313 ,
93314 ,
93401 ,
93402 ,
93405 ,
93410 ,
93420 ,
93422 ,
93424 ,
93426 ,
93427 ,
93428 ,
93429 ,
93430 ,
93432 ,
93433 ,
93434 ,
93436 ,
93437 ,
93440 ,
93441 ,
93442 ,
93444 ,
93445 ,
93446 ,
93449 ,
93450 ,
93451 ,
93452 ,
93453 ,
93454 ,
93455 ,
93458 ,
93460 ,
93461 ,
93463 ,
93465 ,
93501 ,
93505 ,
93510 ,
93512 ,
93513 ,
93514 ,
93516 ,
93517 ,
93518 ,
93519 ,
93522 ,
93523 ,
93524 ,
93526 ,
93527 ,
93528 ,
93529 ,
93530 ,
93531 ,
93532 ,
93534 ,
93535 ,
93536 ,
93541 ,
93543 ,
93544 ,
93545 ,
93546 ,
93549 ,
93550 ,
93551 ,
93552 ,
93553 ,
93554 ,
93555 ,
93558 ,
93560 ,
93561 ,
93562 ,
93563 ,
93591 ,
93592 ,
93601 ,
93602 ,
93603 ,
93604 ,
93605 ,
93606 ,
93608 ,
93609 ,
93610 ,
93611 ,
93612 ,
93614 ,
93615 ,
93616 ,
93618 ,
93619 ,
93620 ,
93621 ,
93622 ,
93623 ,
93624 ,
93625 ,
93626 ,
93627 ,
93628 ,
93630 ,
93631 ,
93633 ,
93634 ,
93635 ,
93636 ,
93637 ,
93638 ,
93640 ,
93641 ,
93643 ,
93644 ,
93645 ,
93646 ,
93647 ,
93648 ,
93650 ,
93651 ,
93652 ,
93653 ,
93654 ,
93656 ,
93657 ,
93660 ,
93662 ,
93664 ,
93665 ,
93666 ,
93667 ,
93668 ,
93669 ,
93673 ,
93675 ,
93701 ,
93702 ,
93703 ,
93704 ,
93705 ,
93706 ,
93710 ,
93711 ,
93720 ,
93721 ,
93722 ,
93723 ,
93725 ,
93726 ,
93727 ,
93728 ,
93730 ,
93901 ,
93905 ,
93906 ,
93907 ,
93908 ,
93920 ,
93921 ,
93923 ,
93924 ,
93925 ,
93926 ,
93927 ,
93928 ,
93930 ,
93932 ,
93933 ,
93940 ,
93943 ,
93950 ,
93953 ,
93954 ,
93955 ,
93960 ,
93962 ,
94002 ,
94005 ,
94010 ,
94014 ,
94015 ,
94019 ,
94020 ,
94021 ,
94022 ,
94024 ,
94025 ,
94027 ,
94028 ,
94030 ,
94037 ,
94038 ,
94040 ,
94041 ,
94043 ,
94044 ,
94060 ,
94061 ,
94062 ,
94063 ,
94065 ,
94066 ,
94070 ,
94074 ,
94080 ,
94085 ,
94086 ,
94087 ,
94089 ,
94102 ,
94103 ,
94104 ,
94105 ,
94107 ,
94108 ,
94109 ,
94110 ,
94111 ,
94112 ,
94114 ,
94115 ,
94116 ,
94117 ,
94118 ,
94121 ,
94122 ,
94123 ,
94124 ,
94127 ,
94128 ,
94129 ,
94130 ,
94131 ,
94132 ,
94133 ,
94134 ,
94158 ,
94301 ,
94303 ,
94304 ,
94305 ,
94306 ,
94401 ,
94402 ,
94403 ,
94404 ,
94501 ,
94502 ,
94503 ,
94505 ,
94506 ,
94507 ,
94508 ,
94509 ,
94510 ,
94511 ,
94512 ,
94513 ,
94514 ,
94515 ,
94516 ,
94517 ,
94518 ,
94519 ,
94520 ,
94521 ,
94523 ,
94525 ,
94526 ,
94528 ,
94530 ,
94531 ,
94533 ,
94534 ,
94535 ,
94536 ,
94538 ,
94539 ,
94541 ,
94542 ,
94544 ,
94545 ,
94546 ,
94547 ,
94548 ,
94549 ,
94550 ,
94551 ,
94552 ,
94553 ,
94555 ,
94556 ,
94558 ,
94559 ,
94560 ,
94561 ,
94563 ,
94564 ,
94565 ,
94566 ,
94567 ,
94568 ,
94569 ,
94571 ,
94572 ,
94573 ,
94574 ,
94575 ,
94576 ,
94577 ,
94578 ,
94579 ,
94580 ,
94582 ,
94583 ,
94585 ,
94586 ,
94587 ,
94588 ,
94589 ,
94590 ,
94591 ,
94592 ,
94595 ,
94596 ,
94597 ,
94598 ,
94599 ,
94601 ,
94602 ,
94603 ,
94605 ,
94606 ,
94607 ,
94608 ,
94609 ,
94610 ,
94611 ,
94612 ,
94613 ,
94618 ,
94619 ,
94621 ,
94702 ,
94703 ,
94704 ,
94705 ,
94706 ,
94707 ,
94708 ,
94709 ,
94710 ,
94720 ,
94801 ,
94803 ,
94804 ,
94805 ,
94806 ,
94850 ,
94901 ,
94903 ,
94904 ,
94920 ,
94922 ,
94923 ,
94924 ,
94925 ,
94928 ,
94929 ,
94930 ,
94931 ,
94933 ,
94937 ,
94938 ,
94939 ,
94940 ,
94941 ,
94945 ,
94946 ,
94947 ,
94949 ,
94950 ,
94951 ,
94952 ,
94954 ,
94956 ,
94957 ,
94960 ,
94963 ,
94964 ,
94965 ,
94970 ,
94971 ,
94972 ,
94973 ,
95002 ,
95003 ,
95004 ,
95005 ,
95006 ,
95007 ,
95008 ,
95010 ,
95012 ,
95013 ,
95014 ,
95017 ,
95018 ,
95019 ,
95020 ,
95023 ,
95030 ,
95032 ,
95033 ,
95035 ,
95037 ,
95039 ,
95041 ,
95043 ,
95045 ,
95046 ,
95050 ,
95051 ,
95053 ,
95054 ,
95060 ,
95062 ,
95064 ,
95065 ,
95066 ,
95070 ,
95073 ,
95075 ,
95076 ,
95110 ,
95111 ,
95112 ,
95113 ,
95116 ,
95117 ,
95118 ,
95119 ,
95120 ,
95121 ,
95122 ,
95123 ,
95124 ,
95125 ,
95126 ,
95127 ,
95128 ,
95129 ,
95130 ,
95131 ,
95132 ,
95133 ,
95134 ,
95135 ,
95136 ,
95138 ,
95139 ,
95140 ,
95148 ,
95202 ,
95203 ,
95204 ,
95205 ,
95206 ,
95207 ,
95209 ,
95210 ,
95211 ,
95212 ,
95215 ,
95219 ,
95220 ,
95222 ,
95223 ,
95224 ,
95225 ,
95226 ,
95227 ,
95228 ,
95230 ,
95231 ,
95232 ,
95233 ,
95234 ,
95236 ,
95237 ,
95240 ,
95242 ,
95245 ,
95246 ,
95247 ,
95248 ,
95249 ,
95250 ,
95251 ,
95252 ,
95254 ,
95255 ,
95257 ,
95258 ,
95301 ,
95303 ,
95304 ,
95305 ,
95306 ,
95307 ,
95310 ,
95311 ,
95312 ,
95313 ,
95314 ,
95315 ,
95316 ,
95317 ,
95318 ,
95319 ,
95320 ,
95321 ,
95322 ,
95323 ,
95324 ,
95325 ,
95326 ,
95327 ,
95328 ,
95329 ,
95330 ,
95333 ,
95334 ,
95335 ,
95336 ,
95337 ,
95338 ,
95340 ,
95341 ,
95345 ,
95346 ,
95348 ,
95350 ,
95351 ,
95354 ,
95355 ,
95356 ,
95357 ,
95358 ,
95360 ,
95361 ,
95363 ,
95364 ,
95365 ,
95366 ,
95367 ,
95368 ,
95369 ,
95370 ,
95372 ,
95374 ,
95375 ,
95376 ,
95377 ,
95379 ,
95380 ,
95382 ,
95383 ,
95385 ,
95386 ,
95387 ,
95388 ,
95389 ,
95391 ,
95401 ,
95403 ,
95404 ,
95405 ,
95407 ,
95409 ,
95410 ,
95412 ,
95415 ,
95417 ,
95420 ,
95421 ,
95422 ,
95423 ,
95425 ,
95426 ,
95427 ,
95428 ,
95429 ,
95430 ,
95431 ,
95432 ,
95435 ,
95436 ,
95437 ,
95439 ,
95441 ,
95442 ,
95443 ,
95444 ,
95445 ,
95446 ,
95448 ,
95449 ,
95450 ,
95451 ,
95452 ,
95453 ,
95454 ,
95456 ,
95457 ,
95458 ,
95459 ,
95460 ,
95461 ,
95462 ,
95463 ,
95464 ,
95465 ,
95466 ,
95467 ,
95468 ,
95469 ,
95470 ,
95471 ,
95472 ,
95476 ,
95482 ,
95485 ,
95486 ,
95488 ,
95490 ,
95492 ,
95493 ,
95494 ,
95497 ,
95501 ,
95503 ,
95511 ,
95514 ,
95519 ,
95521 ,
95524 ,
95525 ,
95526 ,
95527 ,
95528 ,
95531 ,
95536 ,
95537 ,
95540 ,
95542 ,
95543 ,
95545 ,
95546 ,
95547 ,
95548 ,
95549 ,
95550 ,
95551 ,
95552 ,
95553 ,
95554 ,
95555 ,
95556 ,
95558 ,
95559 ,
95560 ,
95562 ,
95563 ,
95564 ,
95565 ,
95567 ,
95568 ,
95569 ,
95570 ,
95571 ,
95573 ,
95585 ,
95587 ,
95589 ,
95595 ,
95601 ,
95602 ,
95603 ,
95604 ,
95605 ,
95606 ,
95607 ,
95608 ,
95610 ,
95612 ,
95614 ,
95615 ,
95616 ,
95618 ,
95619 ,
95620 ,
95621 ,
95623 ,
95624 ,
95625 ,
95626 ,
95627 ,
95628 ,
95629 ,
95630 ,
95631 ,
95632 ,
95633 ,
95634 ,
95635 ,
95636 ,
95637 ,
95638 ,
95639 ,
95640 ,
95641 ,
95642 ,
95645 ,
95646 ,
95648 ,
95650 ,
95651 ,
95652 ,
95653 ,
95655 ,
95658 ,
95659 ,
95660 ,
95661 ,
95662 ,
95663 ,
95664 ,
95665 ,
95666 ,
95667 ,
95668 ,
95669 ,
95670 ,
95672 ,
95673 ,
95674 ,
95675 ,
95677 ,
95678 ,
95679 ,
95680 ,
95681 ,
95682 ,
95683 ,
95684 ,
95685 ,
95686 ,
95687 ,
95688 ,
95689 ,
95690 ,
95691 ,
95692 ,
95693 ,
95694 ,
95695 ,
95697 ,
95698 ,
95699 ,
95701 ,
95703 ,
95709 ,
95713 ,
95714 ,
95715 ,
95717 ,
95720 ,
95721 ,
95722 ,
95724 ,
95726 ,
95728 ,
95735 ,
95736 ,
95742 ,
95746 ,
95747 ,
95757 ,
95758 ,
95762 ,
95765 ,
95776 ,
95811 ,
95814 ,
95815 ,
95816 ,
95817 ,
95818 ,
95819 ,
95820 ,
95821 ,
95822 ,
95823 ,
95824 ,
95825 ,
95826 ,
95827 ,
95828 ,
95829 ,
95830 ,
95831 ,
95832 ,
95833 ,
95834 ,
95835 ,
95837 ,
95838 ,
95841 ,
95842 ,
95843 ,
95864 ,
95901 ,
95903 ,
95910 ,
95912 ,
95914 ,
95915 ,
95916 ,
95917 ,
95918 ,
95919 ,
95920 ,
95922 ,
95923 ,
95925 ,
95926 ,
95928 ,
95930 ,
95932 ,
95934 ,
95935 ,
95936 ,
95937 ,
95938 ,
95939 ,
95941 ,
95942 ,
95943 ,
95944 ,
95945 ,
95946 ,
95947 ,
95948 ,
95949 ,
95950 ,
95951 ,
95953 ,
95954 ,
95955 ,
95956 ,
95957 ,
95959 ,
95960 ,
95961 ,
95962 ,
95963 ,
95965 ,
95966 ,
95968 ,
95969 ,
95970 ,
95971 ,
95973 ,
95974 ,
95975 ,
95977 ,
95978 ,
95979 ,
95981 ,
95982 ,
95983 ,
95984 ,
95986 ,
95987 ,
95988 ,
95991 ,
95993 ,
96001 ,
96002 ,
96003 ,
96006 ,
96007 ,
96008 ,
96009 ,
96010 ,
96011 ,
96013 ,
96014 ,
96015 ,
96016 ,
96017 ,
96019 ,
96020 ,
96021 ,
96022 ,
96023 ,
96024 ,
96025 ,
96027 ,
96028 ,
96029 ,
96031 ,
96032 ,
96033 ,
96034 ,
96035 ,
96037 ,
96038 ,
96039 ,
96040 ,
96041 ,
96044 ,
96046 ,
96047 ,
96048 ,
96049 ,
96050 ,
96051 ,
96052 ,
96054 ,
96055 ,
96056 ,
96057 ,
96058 ,
96059 ,
96061 ,
96062 ,
96063 ,
96064 ,
96065 ,
96067 ,
96068 ,
96069 ,
96071 ,
96073 ,
96074 ,
96075 ,
96076 ,
96080 ,
96084 ,
96085 ,
96086 ,
96087 ,
96088 ,
96090 ,
96091 ,
96092 ,
96093 ,
96094 ,
96096 ,
96097 ,
96101 ,
96103 ,
96104 ,
96105 ,
96106 ,
96107 ,
96108 ,
96109 ,
96110 ,
96111 ,
96112 ,
96113 ,
96114 ,
96115 ,
96116 ,
96117 ,
96118 ,
96119 ,
96120 ,
96121 ,
96122 ,
96123 ,
96124 ,
96125 ,
96126 ,
96128 ,
96129 ,
96130 ,
96132 ,
96133 ,
96134 ,
96135 ,
96136 ,
96137 ,
96140 ,
96141 ,
96142 ,
96143 ,
96145 ,
96146 ,
96148 ,
96150 ,
96155 ,
96161 ,
96701 ,
96703 ,
96704 ,
96705 ,
96706 ,
96707 ,
96708 ,
96710 ,
96712 ,
96713 ,
96714 ,
96716 ,
96717 ,
96719 ,
96720 ,
96722 ,
96725 ,
96726 ,
96727 ,
96728 ,
96729 ,
96730 ,
96731 ,
96732 ,
96734 ,
96737 ,
96738 ,
96740 ,
96741 ,
96742 ,
96743 ,
96744 ,
96746 ,
96747 ,
96748 ,
96749 ,
96750 ,
96751 ,
96752 ,
96753 ,
96754 ,
96755 ,
96756 ,
96757 ,
96759 ,
96760 ,
96761 ,
96762 ,
96763 ,
96764 ,
96765 ,
96766 ,
96768 ,
96769 ,
96770 ,
96771 ,
96772 ,
96773 ,
96774 ,
96776 ,
96777 ,
96778 ,
96779 ,
96780 ,
96781 ,
96782 ,
96783 ,
96785 ,
96786 ,
96789 ,
96790 ,
96791 ,
96792 ,
96793 ,
96795 ,
96796 ,
96797 ,
96799 ,
96813 ,
96814 ,
96815 ,
96816 ,
96817 ,
96818 ,
96819 ,
96821 ,
96822 ,
96825 ,
96826 ,
96850 ,
96853 ,
96857 ,
96859 ,
96860 ,
96863 ,
96910 ,
96913 ,
96915 ,
96916 ,
96917 ,
96921 ,
96928 ,
96929 ,
96932 ,
96950 ,
96951 ,
96952 ,
97001 ,
97002 ,
97004 ,
97005 ,
97006 ,
97007 ,
97008 ,
97009 ,
97011 ,
97013 ,
97014 ,
97015 ,
97016 ,
97017 ,
97018 ,
97019 ,
97020 ,
97021 ,
97022 ,
97023 ,
97024 ,
97026 ,
97027 ,
97028 ,
97029 ,
97030 ,
97031 ,
97032 ,
97033 ,
97034 ,
97035 ,
97037 ,
97038 ,
97039 ,
97040 ,
97041 ,
97042 ,
97045 ,
97048 ,
97049 ,
97050 ,
97051 ,
97053 ,
97054 ,
97055 ,
97056 ,
97057 ,
97058 ,
97060 ,
97062 ,
97063 ,
97064 ,
97065 ,
97067 ,
97068 ,
97070 ,
97071 ,
97080 ,
97086 ,
97089 ,
97101 ,
97102 ,
97103 ,
97106 ,
97107 ,
97108 ,
97109 ,
97110 ,
97111 ,
97112 ,
97113 ,
97114 ,
97115 ,
97116 ,
97117 ,
97118 ,
97119 ,
97121 ,
97122 ,
97123 ,
97124 ,
97125 ,
97127 ,
97128 ,
97130 ,
97131 ,
97132 ,
97133 ,
97134 ,
97135 ,
97136 ,
97137 ,
97138 ,
97140 ,
97141 ,
97144 ,
97145 ,
97146 ,
97147 ,
97148 ,
97149 ,
97201 ,
97202 ,
97203 ,
97204 ,
97205 ,
97206 ,
97208 ,
97209 ,
97210 ,
97211 ,
97212 ,
97213 ,
97214 ,
97215 ,
97216 ,
97217 ,
97218 ,
97219 ,
97220 ,
97221 ,
97222 ,
97223 ,
97224 ,
97225 ,
97227 ,
97229 ,
97230 ,
97231 ,
97232 ,
97233 ,
97236 ,
97239 ,
97266 ,
97267 ,
97301 ,
97302 ,
97303 ,
97304 ,
97305 ,
97306 ,
97317 ,
97321 ,
97322 ,
97324 ,
97325 ,
97326 ,
97327 ,
97329 ,
97330 ,
97331 ,
97333 ,
97338 ,
97341 ,
97342 ,
97343 ,
97344 ,
97345 ,
97346 ,
97347 ,
97348 ,
97350 ,
97351 ,
97352 ,
97355 ,
97357 ,
97358 ,
97360 ,
97361 ,
97362 ,
97364 ,
97365 ,
97366 ,
97367 ,
97368 ,
97369 ,
97370 ,
97371 ,
97373 ,
97374 ,
97375 ,
97376 ,
97377 ,
97378 ,
97380 ,
97381 ,
97383 ,
97384 ,
97385 ,
97386 ,
97388 ,
97389 ,
97390 ,
97391 ,
97392 ,
97394 ,
97396 ,
97401 ,
97402 ,
97403 ,
97404 ,
97405 ,
97406 ,
97408 ,
97410 ,
97411 ,
97412 ,
97413 ,
97414 ,
97415 ,
97416 ,
97417 ,
97419 ,
97420 ,
97423 ,
97424 ,
97426 ,
97429 ,
97430 ,
97431 ,
97434 ,
97435 ,
97436 ,
97437 ,
97438 ,
97439 ,
97441 ,
97442 ,
97443 ,
97444 ,
97446 ,
97447 ,
97448 ,
97449 ,
97450 ,
97451 ,
97452 ,
97453 ,
97454 ,
97455 ,
97456 ,
97457 ,
97458 ,
97459 ,
97461 ,
97462 ,
97463 ,
97465 ,
97466 ,
97467 ,
97469 ,
97470 ,
97471 ,
97473 ,
97476 ,
97477 ,
97478 ,
97479 ,
97480 ,
97481 ,
97484 ,
97486 ,
97487 ,
97488 ,
97489 ,
97490 ,
97492 ,
97493 ,
97494 ,
97495 ,
97496 ,
97497 ,
97498 ,
97499 ,
97501 ,
97502 ,
97503 ,
97504 ,
97520 ,
97522 ,
97523 ,
97524 ,
97525 ,
97526 ,
97527 ,
97530 ,
97531 ,
97532 ,
97534 ,
97535 ,
97536 ,
97537 ,
97538 ,
97539 ,
97540 ,
97541 ,
97543 ,
97544 ,
97601 ,
97603 ,
97604 ,
97620 ,
97621 ,
97622 ,
97623 ,
97624 ,
97625 ,
97626 ,
97627 ,
97630 ,
97632 ,
97633 ,
97634 ,
97635 ,
97636 ,
97637 ,
97638 ,
97639 ,
97640 ,
97641 ,
97701 ,
97702 ,
97707 ,
97710 ,
97711 ,
97712 ,
97720 ,
97721 ,
97722 ,
97730 ,
97731 ,
97732 ,
97733 ,
97734 ,
97735 ,
97736 ,
97737 ,
97738 ,
97739 ,
97741 ,
97750 ,
97751 ,
97752 ,
97753 ,
97754 ,
97756 ,
97758 ,
97759 ,
97760 ,
97761 ,
97801 ,
97810 ,
97812 ,
97813 ,
97814 ,
97817 ,
97818 ,
97819 ,
97820 ,
97823 ,
97824 ,
97825 ,
97826 ,
97827 ,
97828 ,
97830 ,
97833 ,
97834 ,
97835 ,
97836 ,
97837 ,
97838 ,
97839 ,
97840 ,
97841 ,
97842 ,
97843 ,
97844 ,
97845 ,
97846 ,
97848 ,
97850 ,
97856 ,
97857 ,
97859 ,
97862 ,
97864 ,
97865 ,
97867 ,
97868 ,
97869 ,
97870 ,
97873 ,
97874 ,
97875 ,
97876 ,
97877 ,
97880 ,
97882 ,
97883 ,
97884 ,
97885 ,
97886 ,
97901 ,
97903 ,
97904 ,
97905 ,
97906 ,
97907 ,
97908 ,
97909 ,
97910 ,
97911 ,
97913 ,
97914 ,
97918 ,
97920 ,
98001 ,
98002 ,
98003 ,
98004 ,
98005 ,
98006 ,
98007 ,
98008 ,
98010 ,
98011 ,
98012 ,
98014 ,
98019 ,
98020 ,
98021 ,
98022 ,
98023 ,
98024 ,
98026 ,
98027 ,
98028 ,
98029 ,
98030 ,
98031 ,
98032 ,
98033 ,
98034 ,
98036 ,
98037 ,
98038 ,
98039 ,
98040 ,
98042 ,
98043 ,
98045 ,
98047 ,
98050 ,
98051 ,
98052 ,
98053 ,
98055 ,
98056 ,
98057 ,
98058 ,
98059 ,
98065 ,
98068 ,
98070 ,
98072 ,
98074 ,
98075 ,
98077 ,
98087 ,
98092 ,
98101 ,
98102 ,
98103 ,
98104 ,
98105 ,
98106 ,
98107 ,
98108 ,
98109 ,
98110 ,
98112 ,
98115 ,
98116 ,
98117 ,
98118 ,
98119 ,
98121 ,
98122 ,
98125 ,
98126 ,
98133 ,
98134 ,
98136 ,
98144 ,
98146 ,
98148 ,
98154 ,
98155 ,
98158 ,
98164 ,
98166 ,
98168 ,
98174 ,
98177 ,
98178 ,
98188 ,
98195 ,
98198 ,
98199 ,
98201 ,
98203 ,
98204 ,
98205 ,
98207 ,
98208 ,
98220 ,
98221 ,
98222 ,
98223 ,
98224 ,
98225 ,
98226 ,
98229 ,
98230 ,
98232 ,
98233 ,
98235 ,
98236 ,
98237 ,
98238 ,
98239 ,
98240 ,
98241 ,
98243 ,
98244 ,
98245 ,
98247 ,
98248 ,
98249 ,
98250 ,
98251 ,
98252 ,
98253 ,
98255 ,
98256 ,
98257 ,
98258 ,
98260 ,
98261 ,
98262 ,
98263 ,
98264 ,
98266 ,
98267 ,
98270 ,
98271 ,
98272 ,
98273 ,
98274 ,
98275 ,
98276 ,
98277 ,
98278 ,
98279 ,
98280 ,
98281 ,
98282 ,
98283 ,
98284 ,
98286 ,
98288 ,
98290 ,
98292 ,
98294 ,
98295 ,
98296 ,
98297 ,
98303 ,
98304 ,
98305 ,
98310 ,
98311 ,
98312 ,
98314 ,
98315 ,
98320 ,
98321 ,
98323 ,
98325 ,
98326 ,
98327 ,
98328 ,
98329 ,
98330 ,
98331 ,
98332 ,
98333 ,
98335 ,
98336 ,
98337 ,
98338 ,
98339 ,
98340 ,
98342 ,
98345 ,
98346 ,
98349 ,
98350 ,
98351 ,
98353 ,
98354 ,
98355 ,
98356 ,
98357 ,
98358 ,
98359 ,
98360 ,
98361 ,
98362 ,
98363 ,
98364 ,
98365 ,
98366 ,
98367 ,
98368 ,
98370 ,
98371 ,
98372 ,
98373 ,
98374 ,
98375 ,
98376 ,
98377 ,
98380 ,
98381 ,
98382 ,
98383 ,
98385 ,
98387 ,
98388 ,
98390 ,
98391 ,
98392 ,
98394 ,
98396 ,
98402 ,
98403 ,
98404 ,
98405 ,
98406 ,
98407 ,
98408 ,
98409 ,
98416 ,
98418 ,
98421 ,
98422 ,
98424 ,
98430 ,
98433 ,
98438 ,
98439 ,
98443 ,
98444 ,
98445 ,
98446 ,
98447 ,
98465 ,
98466 ,
98467 ,
98498 ,
98499 ,
98501 ,
98502 ,
98503 ,
98506 ,
98512 ,
98513 ,
98516 ,
98520 ,
98524 ,
98526 ,
98527 ,
98528 ,
98530 ,
98531 ,
98532 ,
98533 ,
98535 ,
98536 ,
98537 ,
98538 ,
98541 ,
98542 ,
98544 ,
98546 ,
98547 ,
98548 ,
98550 ,
98552 ,
98555 ,
98557 ,
98558 ,
98559 ,
98560 ,
98562 ,
98563 ,
98564 ,
98565 ,
98568 ,
98569 ,
98570 ,
98571 ,
98572 ,
98575 ,
98576 ,
98577 ,
98579 ,
98580 ,
98581 ,
98582 ,
98583 ,
98584 ,
98585 ,
98586 ,
98587 ,
98588 ,
98589 ,
98590 ,
98591 ,
98592 ,
98593 ,
98595 ,
98596 ,
98597 ,
98601 ,
98602 ,
98603 ,
98604 ,
98605 ,
98606 ,
98607 ,
98610 ,
98611 ,
98612 ,
98613 ,
98614 ,
98616 ,
98617 ,
98619 ,
98620 ,
98621 ,
98624 ,
98625 ,
98626 ,
98628 ,
98629 ,
98631 ,
98632 ,
98635 ,
98638 ,
98639 ,
98640 ,
98641 ,
98642 ,
98643 ,
98644 ,
98645 ,
98647 ,
98648 ,
98649 ,
98650 ,
98651 ,
98660 ,
98661 ,
98662 ,
98663 ,
98664 ,
98665 ,
98670 ,
98671 ,
98672 ,
98673 ,
98674 ,
98675 ,
98682 ,
98683 ,
98684 ,
98685 ,
98686 ,
98801 ,
98802 ,
98811 ,
98812 ,
98813 ,
98814 ,
98815 ,
98816 ,
98817 ,
98819 ,
98821 ,
98822 ,
98823 ,
98824 ,
98826 ,
98827 ,
98828 ,
98829 ,
98830 ,
98831 ,
98832 ,
98833 ,
98834 ,
98836 ,
98837 ,
98840 ,
98841 ,
98843 ,
98844 ,
98845 ,
98846 ,
98847 ,
98848 ,
98849 ,
98850 ,
98851 ,
98852 ,
98853 ,
98855 ,
98856 ,
98857 ,
98858 ,
98859 ,
98860 ,
98862 ,
98901 ,
98902 ,
98903 ,
98908 ,
98921 ,
98922 ,
98923 ,
98925 ,
98926 ,
98929 ,
98930 ,
98932 ,
98933 ,
98934 ,
98935 ,
98936 ,
98937 ,
98938 ,
98939 ,
98940 ,
98941 ,
98942 ,
98943 ,
98944 ,
98946 ,
98947 ,
98948 ,
98950 ,
98951 ,
98952 ,
98953 ,
99001 ,
99003 ,
99004 ,
99005 ,
99006 ,
99008 ,
99009 ,
99011 ,
99012 ,
99013 ,
99016 ,
99017 ,
99018 ,
99019 ,
99020 ,
99021 ,
99022 ,
99023 ,
99025 ,
99026 ,
99027 ,
99029 ,
99030 ,
99031 ,
99032 ,
99033 ,
99034 ,
99036 ,
99037 ,
99039 ,
99040 ,
99101 ,
99102 ,
99103 ,
99105 ,
99109 ,
99110 ,
99111 ,
99113 ,
99114 ,
99115 ,
99116 ,
99117 ,
99118 ,
99119 ,
99121 ,
99122 ,
99123 ,
99124 ,
99125 ,
99126 ,
99128 ,
99129 ,
99130 ,
99131 ,
99133 ,
99134 ,
99135 ,
99136 ,
99137 ,
99138 ,
99139 ,
99140 ,
99141 ,
99143 ,
99144 ,
99146 ,
99147 ,
99148 ,
99149 ,
99150 ,
99151 ,
99152 ,
99153 ,
99154 ,
99155 ,
99156 ,
99157 ,
99158 ,
99159 ,
99160 ,
99161 ,
99163 ,
99164 ,
99166 ,
99167 ,
99169 ,
99170 ,
99171 ,
99173 ,
99174 ,
99176 ,
99179 ,
99180 ,
99181 ,
99185 ,
99201 ,
99202 ,
99203 ,
99204 ,
99205 ,
99206 ,
99207 ,
99208 ,
99212 ,
99216 ,
99217 ,
99218 ,
99223 ,
99224 ,
99301 ,
99320 ,
99321 ,
99322 ,
99323 ,
99324 ,
99326 ,
99328 ,
99329 ,
99330 ,
99333 ,
99335 ,
99336 ,
99337 ,
99338 ,
99341 ,
99343 ,
99344 ,
99345 ,
99346 ,
99347 ,
99348 ,
99349 ,
99350 ,
99352 ,
99353 ,
99354 ,
99356 ,
99357 ,
99359 ,
99360 ,
99361 ,
99362 ,
99363 ,
99371 ,
99401 ,
99402 ,
99403 ,
99501 ,
99502 ,
99503 ,
99504 ,
99505 ,
99506 ,
99507 ,
99508 ,
99510 ,
99513 ,
99515 ,
99516 ,
99517 ,
99518 ,
99519 ,
99540 ,
99546 ,
99547 ,
99548 ,
99549 ,
99550 ,
99551 ,
99552 ,
99553 ,
99554 ,
99555 ,
99556 ,
99557 ,
99558 ,
99559 ,
99561 ,
99563 ,
99564 ,
99565 ,
99566 ,
99567 ,
99568 ,
99569 ,
99571 ,
99572 ,
99573 ,
99574 ,
99575 ,
99576 ,
99577 ,
99578 ,
99579 ,
99580 ,
99581 ,
99583 ,
99585 ,
99586 ,
99587 ,
99588 ,
99589 ,
99590 ,
99591 ,
99602 ,
99603 ,
99604 ,
99605 ,
99606 ,
99607 ,
99609 ,
99610 ,
99611 ,
99612 ,
99613 ,
99614 ,
99615 ,
99620 ,
99621 ,
99622 ,
99624 ,
99625 ,
99626 ,
99627 ,
99628 ,
99630 ,
99631 ,
99632 ,
99633 ,
99634 ,
99636 ,
99637 ,
99638 ,
99639 ,
99640 ,
99641 ,
99643 ,
99644 ,
99645 ,
99647 ,
99648 ,
99649 ,
99650 ,
99651 ,
99652 ,
99653 ,
99654 ,
99655 ,
99656 ,
99657 ,
99658 ,
99659 ,
99660 ,
99661 ,
99662 ,
99663 ,
99664 ,
99665 ,
99666 ,
99667 ,
99668 ,
99669 ,
99670 ,
99671 ,
99672 ,
99674 ,
99676 ,
99677 ,
99678 ,
99679 ,
99680 ,
99681 ,
99682 ,
99683 ,
99684 ,
99685 ,
99686 ,
99688 ,
99689 ,
99690 ,
99691 ,
99692 ,
99693 ,
99694 ,
99695 ,
99701 ,
99702 ,
99703 ,
99704 ,
99705 ,
99706 ,
99709 ,
99712 ,
99714 ,
99720 ,
99721 ,
99722 ,
99723 ,
99724 ,
99726 ,
99727 ,
99729 ,
99730 ,
99732 ,
99733 ,
99734 ,
99736 ,
99737 ,
99738 ,
99739 ,
99740 ,
99741 ,
99742 ,
99743 ,
99744 ,
99745 ,
99746 ,
99747 ,
99748 ,
99749 ,
99750 ,
99751 ,
99752 ,
99753 ,
99754 ,
99755 ,
99756 ,
99757 ,
99758 ,
99759 ,
99760 ,
99761 ,
99762 ,
99763 ,
99764 ,
99765 ,
99766 ,
99767 ,
99768 ,
99769 ,
99770 ,
99771 ,
99772 ,
99773 ,
99774 ,
99775 ,
99776 ,
99777 ,
99778 ,
99780 ,
99781 ,
99782 ,
99783 ,
99784 ,
99785 ,
99786 ,
99788 ,
99789 ,
99790 ,
99791 ,
99801 ,
99820 ,
99824 ,
99825 ,
99826 ,
99827 ,
99829 ,
99830 ,
99832 ,
99833 ,
99835 ,
99836 ,
99840 ,
99841 ,
99901 ,
99903 ,
99918 ,
99919 ,
99921 ,
99922 ,
99923 ,
99925 ,
99926 ,
99927 ,
99929 ]